255
255
255

18

0
2
	
	37
	21
	8
	16

	47
	21
	8
	16

1
1
	74
	22
	16
	16

2
1
	59
	0
	16
	16

3
1
	115
	0
	16
	16

4
1
	35
	40
	16
	16

5
1
	98
	84
	12
	16

6
1
	109
	84
	14
	16

7
1
	45
	84
	16
	16

8
1
	63
	84
	16
	16

9
1
	83
	84
	16
	16

10
1
	56
	40
	16
	16

11
1
	107
	41
	16
	16

12
1
	58
	21
	16
	16

13
3
	
	45
	84
	16
	16

	63
	84
	16
	16

	83
	84
	16
	16

14
2
	110
	22
	16
	16

	128
	22
	16
	16

15
2
	97
	104
	16
	16

	114
	104
	16
	16

16
2
	136
	104
	16
	16

	156
	104
	16
	16

17
1
	96
	0
	16
	16