0
128
128

17

0
1
	81
	10
	16
	30

1
3
	81
	10
	16
	30

	110
	10
	12
	30

	136
	10
	15
	30

2
3
	61
	53
	24
	30

	109
	53
	16
	30

	153
	53
	28
	30

3
3
	226
	53
	32
	30

	282
	53
	16
	30

	326
	53
	28
	30

4
1
	164
	10
	16
	30

5
1
	267
	10
	16
	30

6
1
	164
	10
	16
	30

7
3
	21
	325
	24
	30

	65
	329
	16
	30

	153
	330
	28
	30

8
2
	110
	9
	12
	31

	234
	9
	16
	31

9
2
	110
	9
	12
	31

	208
	9
	16
	31

10
3
	234
	53
	24
	31

	282
	53
	16
	31

	326
	53
	28
	31

11
3	
	234
	335
	24
	31

	282
	335	
	16
	31

	326
	335
	28
	31

12
3
	57
	574
	16
	30

	79
	574
	16
	30

	102
	574
	16
	30

13
3
	61
	53
	24
	30

	109
	53
	16
	30

	153
	53
	28
	30

14
1

	81
	10
	16
	30

15
2
	81
	10
	16
	30

	126
	574
	16
	30

16
1
	288
	9
	32
	32