48
0 -1 0 324 32 32
1 -1 32 324 32 32
2 -1 64 324 32 32
3 -1 96 324 32 32
4 -1 128 324 32 32
5 -1 160 324 32 32
6 -1 192 324 32 32
7 -1 224 324 32 32
8 -1 256 324 32 32
9 -1 288 324 32 32
10 -1 320 324 32 32
11 -1 352 324 32 32
12 -1 384 324 32 32
13 -1 416 324 32 32
14 -1 448 324 32 32
15 -1 480 324 32 32
16 -1 512 324 32 32
17 -1 544 324 32 32
18 -1 576 324 32 32
19 -1 608 324 32 32
20 -1 640 324 32 32
21 -1 672 324 32 32
22 -1 704 324 32 32
23 -1 736 324 32 32
24 -1 768 324 32 32
25 -1 800 324 32 32
26 -1 832 324 32 32
27 -1 864 324 32 32
28 -1 896 324 32 32
29 -1 928 324 32 32
30 -1 960 324 32 32
31 -1 992 324 32 32
32 -1 1024 324 32 32
33 -1 1056 324 32 32
34 -1 1088 324 32 32
35 -1 1120 324 32 32
36 -1 1152 324 32 32
37 -1 1184 324 32 32
38 -1 1216 324 32 32
39 -1 1248 324 32 32
40 -1 1280 324 32 32
41 -1 1312 324 32 32
42 -1 1344 324 32 32
43 -1 1376 324 32 32
44 -1 1408 324 32 32
45 -1 1440 324 32 32
46 -1 1472 324 32 32
47 -1 1504 324 32 32