200 3 5010 5012 5013 5014 
100 1 5011 5011
100 1 5021 5021
100 3 5030 5031 5032 5033 
100 1 5041 5041 
100 1 5051 5051 
300 2 5060 5061 5062
100 1 5061 5061
300 2 5070 5071 5072 
100 1 5071 5071 
100 3 5080 5081 5082 5083
100 3 5090 5091 5092 5093
100 3 5100 5101 5102 5103
100 1 5111 5111
100 3 6120 6121 6122 6123
100 3 6130 6131 6132 6133
100 3 6140 6141 6142 6143
100 3 6150 6151 6152 6153
100 4 6160 6161 6162 6163 6164
100 2 6167 6168 6169
150 3 6170 6171 6172 6173
250 2 6200 6201 6202
200 3 6210 6212 6213 6214
100 1 6211 6211
200 3 6215 6217 6218 6219 
200 1 6216 6216
200 1 6219 6219
200 2 6220 6222 6223
100 1 6223 6223
100 1 6221 6221
100 1 6340 6341
500 2 6341 6342 6343
500 2 6342 6342 6341
100 1 6346 6346
150 2 6345 6347 6348