5011 12 4 44 64
5012 78 2 102 64
5013 136 4 166 64
5014 196 3 220 64
5021 252 1 284 46
5031 312 4 360 64
5032 373 4 405 64
5033 421 6 464 64
5041 10 72 42 130
5051 80 66 112 130
5061 130 68 162 130
5062 190 68 214 130
5071 259 68 289 130
5072 322 68 346 130
5081 319 134 360 196
5082 379 134 411 196
5083 427 136 471 196
5091 130 134 178 196
5092 190 134 222 196
5093 241 136 282 196
5101 432 67 480 113
5102 11 132 43 179 
5103 61 135 105 179
5111 8 224 79 253
333 315 317 347 349
6121 269 221 281 258
6122 377 217 401 246
6123 431 220 473 234
6131 269 272 281 309
6132 377 268 401 297
6133 431 275 473 285
6141 269 323 281 360
6142 377 319 401 348
6143 407 326 473 336
6151 262 382 276 419
6152 392 377 422 407
6153 449 372 672 394
6155 310 224 318 246
6156 337 224 345 246
6158 113 222 153 244
6161 8 267 45 302
6162 46 267 83 302
6163 83 267 120 302
6164 121 267 158 302
6166 143 321 163 341
6168 185 318 201 348
6169 213 316 253 348
6171 8 316 43 351
6172 44 316 78 351
6173 79 319 113 351
6201 542 126 569 193
6202 571 126 601 193
6211 522 15 550 46 
6212 554 16 592 46
6213 591 20 630 41
6214 631 11 668 46
6216 524 80 575 110
6217 592 80 652 110
6218 660 80 724 110
6219 728 80 796 107
6221 631 128 665 193
6222 662 124 691 193
6223 694 124 726 193
6225 322 277 339 292 
334 315 406 347 438
335 350 406 382 438
336 315 442 347 474
6341 525 218 544 292
6342 576 218 614 292 
6343 631 218 723 292
6346 531 433 571 473
6347 611 430 731 485 
6348 753 428 834 485
6351 13 409 29 424
6352 32 409 46 424
6353 47 409 63 424
6354 64 409 80 424
6355 81 409 97 424
6356 98 409 114 424
6357 115 409 131 424
6358 132 409 148 424
6359 149 409 165 424
6360 166 409 182 424