1 0 0 32 32
2 32 0 64 32
3 64 0 96 32
4 96 0 128 32
5 128 0 160 32
6 160 0 192 32
7 192 0 224 32
8 224 0 256 32
9 256 0 288 32
10 288 0 320 32
11 320 0 352 32
12 352 0 384 32
13 384 0 416 32
14 416 0 448 32
15 448 0 480 32
16 480 0 512 32
17 512 0 544 32
18 544 0 576 32
19 576 0 608 32
20 608 0 640 32
21 640 0 672 32
22 672 0 704 32
23 704 0 736 32
24 736 0 768 32
25 768 0 800 32
26 800 0 832 32
27 832 0 864 32
28 864 0 896 32
29 896 0 928 32
30 928 0 960 32
31 960 0 992 32
32 992 0 1024 32
33 1024 0 1056 32
34 1056 0 1088 32
35 1088 0 1120 32
36 1120 0 1152 32
37 1152 0 1184 32
38 1184 0 1216 32
39 1216 0 1248 32
40 1248 0 1280 32
41 1280 0 1312 32
42 1312 0 1344 32
43 1344 0 1376 32
44 1376 0 1408 32
45 1408 0 1440 32
46 1440 0 1472 32
47 1472 0 1504 32
48 1504 0 1536 32
49 1504 32 1536 64