4 0 320
4 32 320
4 64 320
4 96 320
4 128 320
4 160 320
4 192 320
4 224 320
4 256 320
4 288 320
4 320 320
4 352 320
4 384 320
4 416 320
4 448 320
4 480 320
4 512 320
4 544 320
4 576 320
4 608 320
4 640 320
4 672 320
4 704 320
4 736 320
4 768 320
4 800 320
4 832 320
4 864 320
4 896 320
4 928 320
4 960 320
4 992 320
4 1024 320
4 1056 320
4 1088 320
4 1120 320
4 1152 320
4 1184 320
4 1216 320
4 1248 320
4 1280 320
4 1312 320
4 1344 320
4 1376 320
4 1408 320
4 1440 320
4 1472 320
4 1504 320

11 170 275
11 440 275 
11 675 275
11 955 275
11 1205 275
