1 0 0 32 32
2 32 0 64 32
3 64 0 96 32
4 96 0 128 32
5 128 0 160 32
6 160 0 192 32
7 192 0 224 32
8 224 0 256 32
9 256 0 288 32
10 288 0 320 32
11 320 0 352 32
12 352 0 384 32
13 384 0 416 32
14 416 0 448 32
15 448 0 480 32
16 480 0 512 32
17 512 0 544 32
18 544 0 576 32
19 576 0 608 32
20 608 0 640 32
21 640 0 672 32
22 672 0 704 32
23 704 0 736 32
24 736 0 768 32
25 768 0 800 32
26 800 0 832 32
27 832 0 864 32
28 864 0 896 32
29 896 0 928 32
30 928 0 960 32
31 960 0 992 32
32 992 0 1024 32
33 1024 0 1056 32
34 1056 0 1088 32
35 1088 0 1120 32
36 1120 0 1152 32
37 1152 0 1184 32
38 1184 0 1216 32
39 1216 0 1248 32
40 1248 0 1280 32
41 1280 0 1312 32
42 1312 0 1344 32
43 1344 0 1376 32
44 1376 0 1408 32
45 1408 0 1440 32
46 1440 0 1472 32
47 1472 0 1504 32
48 1504 0 1536 32
49 1536 0 1568 32
50 1568 0 1600 32
51 1600 0 1632 32
52 1632 0 1664 32
53 1664 0 1696 32
54 1696 0 1728 32
55 1728 0 1760 32
56 1760 0 1792 32
57 1792 0 1824 32
58 1824 0 1856 32
59 1856 0 1888 32
60 1888 0 1920 32
61 1920 0 1952 32
62 1952 0 1984 32
63 1984 0 2016 32
64 2016 0 2048 32
65 2048 0 2080 32
66 2080 0 2112 32
67 2112 0 2144 32
68 2144 0 2176 32
69 2176 0 2208 32
70 2208 0 2240 32
71 2240 0 2272 32
72 2272 0 2304 32
73 2304 0 2336 32
74 2336 0 2368 32
75 2368 0 2400 32
76 2400 0 2432 32
77 2432 0 2464 32
78 2464 0 2496 32
79 2496 0 2528 32
80 2528 0 2560 32
81 2560 0 2592 32
82 2592 0 2624 32
83 2624 0 2656 32
84 2656 0 2688 32
85 2688 0 2720 32
86 2720 0 2752 32
87 2752 0 2784 32
88 2784 0 2816 32
89 2816 0 2848 32
90 2848 0 2880 32
91 2880 0 2912 32
92 2912 0 2944 32
93 2944 0 2976 32
94 2976 0 3008 32
95 3008 0 3040 32
96 3040 0 3072 32
97 3072 0 3104 32
98 3104 0 3136 32
99 3136 0 3168 32
100 3168 0 3200 32
101 3200 0 3232 32
102 3232 0 3264 32
103 3264 0 3296 32
104 3296 0 3328 32
105 3328 0 3360 32
106 3360 0 3392 32
107 3392 0 3424 32
108 3424 0 3456 32
109 3456 0 3488 32
110 3488 0 3520 32
111 3520 0 3552 32
112 3552 0 3584 32
113 3584 0 3616 32
114 3616 0 3648 32
115 3648 0 3680 32
116 3680 0 3712 32
117 3712 0 3744 32
118 3744 0 3776 32
119 3776 0 3808 32
120 3808 0 3840 32
121 3840 0 3872 32
122 3872 0 3904 32
123 3904 0 3936 32
124 3936 0 3968 32
125 3968 0 4000 32
126 4000 0 4032 32
127 4032 0 4064 32
128 4064 0 4096 32
129 4096 0 4128 32
130 4128 0 4160 32
131 4160 0 4192 32
132 4192 0 4224 32
133 4224 0 4256 32
134 4256 0 4288 32
135 4288 0 4320 32
136 4320 0 4352 32
137 4352 0 4384 32
138 4384 0 4416 32
139 4416 0 4448 32
140 4448 0 4480 32
141 4480 0 4512 32
142 4512 0 4544 32
143 4544 0 4576 32
144 4576 0 4608 32
145 4608 0 4640 32
146 4640 0 4672 32
147 4672 0 4704 32
148 4704 0 4736 32
149 4736 0 4768 32
150 4768 0 4800 32
151 4800 0 4832 32
152 4832 0 4864 32
153 4864 0 4896 32
154 4896 0 4928 32
155 4928 0 4960 32
156 4960 0 4992 32
157 4992 0 5024 32
158 5024 0 5056 32
159 5056 0 5088 32
160 5088 0 5120 32
161 5120 0 5152 32
162 5152 0 5184 32
163 5184 0 5216 32
164 5216 0 5248 32
165 5248 0 5280 32
166 5280 0 5312 32
167 5312 0 5344 32
168 5344 0 5376 32
169 5376 0 5408 32
170 5408 0 5440 32
171 5440 0 5472 32
172 5472 0 5504 32
173 5504 0 5536 32
174 5536 0 5568 32
175 5568 0 5600 32
176 5600 0 5632 32
177 0 32 32 64
178 32 32 64 64
179 64 32 96 64
180 96 32 128 64
181 128 32 160 64
182 160 32 192 64
183 192 32 224 64
184 224 32 256 64
185 256 32 288 64
186 288 32 320 64
187 320 32 352 64
188 352 32 384 64
189 384 32 416 64
190 416 32 448 64
191 448 32 480 64
192 480 32 512 64
193 512 32 544 64
194 544 32 576 64
195 576 32 608 64
196 608 32 640 64
197 640 32 672 64
198 672 32 704 64
199 704 32 736 64
200 736 32 768 64
201 768 32 800 64
202 800 32 832 64
203 832 32 864 64
204 864 32 896 64
205 896 32 928 64
206 928 32 960 64
207 960 32 992 64
208 992 32 1024 64
209 1024 32 1056 64
210 1056 32 1088 64
211 1088 32 1120 64
212 1120 32 1152 64
213 1152 32 1184 64
214 1184 32 1216 64
215 1216 32 1248 64
216 1248 32 1280 64
217 1280 32 1312 64
218 1312 32 1344 64
219 1344 32 1376 64
220 1376 32 1408 64
221 1408 32 1440 64
222 1440 32 1472 64
223 1472 32 1504 64
224 1504 32 1536 64
225 1536 32 1568 64
226 1568 32 1600 64
227 1600 32 1632 64
228 1632 32 1664 64
229 1664 32 1696 64
230 1696 32 1728 64
231 1728 32 1760 64
232 1760 32 1792 64
233 1792 32 1824 64
234 1824 32 1856 64
235 1856 32 1888 64
236 1888 32 1920 64
237 1920 32 1952 64
238 1952 32 1984 64
239 1984 32 2016 64
240 2016 32 2048 64
241 2048 32 2080 64
242 2080 32 2112 64
243 2112 32 2144 64
244 2144 32 2176 64
245 2176 32 2208 64
246 2208 32 2240 64
247 2240 32 2272 64
248 2272 32 2304 64
249 2304 32 2336 64
250 2336 32 2368 64
251 2368 32 2400 64
252 2400 32 2432 64
253 2432 32 2464 64
254 2464 32 2496 64
255 2496 32 2528 64
256 2528 32 2560 64
257 2560 32 2592 64
258 2592 32 2624 64
259 2624 32 2656 64
260 2656 32 2688 64
261 2688 32 2720 64
262 2720 32 2752 64
263 2752 32 2784 64
264 2784 32 2816 64
265 2816 32 2848 64
266 2848 32 2880 64
267 2880 32 2912 64
268 2912 32 2944 64
269 2944 32 2976 64
270 2976 32 3008 64
271 3008 32 3040 64
272 3040 32 3072 64
273 3072 32 3104 64
274 3104 32 3136 64
275 3136 32 3168 64
276 3168 32 3200 64
277 3200 32 3232 64
278 3232 32 3264 64
279 3264 32 3296 64
280 3296 32 3328 64
281 3328 32 3360 64
282 3360 32 3392 64
283 3392 32 3424 64
284 3424 32 3456 64
285 3456 32 3488 64
286 3488 32 3520 64
287 3520 32 3552 64
288 3552 32 3584 64
289 3584 32 3616 64
290 3616 32 3648 64
291 3648 32 3680 64
292 3680 32 3712 64
293 3712 32 3744 64
294 3744 32 3776 64
295 3776 32 3808 64
296 3808 32 3840 64
297 3840 32 3872 64
298 3872 32 3904 64
299 3904 32 3936 64
300 3936 32 3968 64
301 3968 32 4000 64
302 4000 32 4032 64
303 4032 32 4064 64
304 4064 32 4096 64
305 4096 32 4128 64
306 4128 32 4160 64
307 4160 32 4192 64
308 4192 32 4224 64
309 4224 32 4256 64
310 4256 32 4288 64
311 4288 32 4320 64
312 4320 32 4352 64
313 4352 32 4384 64
314 4384 32 4416 64
315 4416 32 4448 64
316 4448 32 4480 64
317 4480 32 4512 64
318 4512 32 4544 64
319 4544 32 4576 64
320 4576 32 4608 64
321 4608 32 4640 64
322 4640 32 4672 64
323 4672 32 4704 64
324 4704 32 4736 64
325 4736 32 4768 64
326 4768 32 4800 64
327 4800 32 4832 64
328 4832 32 4864 64
329 4864 32 4896 64
330 4896 32 4928 64
331 4928 32 4960 64
332 4960 32 4992 64
333 4992 32 5024 64
334 5024 32 5056 64
335 5056 32 5088 64
336 5088 32 5120 64
337 5120 32 5152 64
338 5152 32 5184 64
339 5184 32 5216 64
340 5216 32 5248 64
341 5248 32 5280 64
342 5280 32 5312 64
343 5312 32 5344 64
344 5344 32 5376 64
345 5376 32 5408 64
346 5408 32 5440 64
347 5440 32 5472 64
348 5472 32 5504 64
349 5504 32 5536 64
350 5536 32 5568 64
351 5568 32 5600 64
352 5600 32 5632 64
353 0 64 32 96
354 32 64 64 96
355 64 64 96 96
356 96 64 128 96
357 128 64 160 96
358 160 64 192 96
359 192 64 224 96
360 224 64 256 96
361 256 64 288 96
362 288 64 320 96
363 320 64 352 96
364 352 64 384 96
365 384 64 416 96
366 416 64 448 96
367 448 64 480 96
368 480 64 512 96
369 512 64 544 96
370 544 64 576 96
371 576 64 608 96
372 608 64 640 96
373 640 64 672 96
374 672 64 704 96
375 704 64 736 96
376 736 64 768 96
377 768 64 800 96
378 800 64 832 96
379 832 64 864 96
380 864 64 896 96
381 896 64 928 96
382 928 64 960 96
383 960 64 992 96
384 992 64 1024 96
385 1024 64 1056 96
386 1056 64 1088 96
387 1088 64 1120 96
388 1120 64 1152 96
389 1152 64 1184 96
390 1184 64 1216 96
391 1216 64 1248 96
392 1248 64 1280 96
393 1280 64 1312 96
394 1312 64 1344 96
395 1344 64 1376 96
396 1376 64 1408 96
397 1408 64 1440 96
398 1440 64 1472 96
399 1472 64 1504 96
400 1504 64 1536 96
401 1536 64 1568 96
402 1568 64 1600 96
403 1600 64 1632 96
404 1632 64 1664 96
405 1664 64 1696 96
406 1696 64 1728 96
407 1728 64 1760 96
408 1760 64 1792 96
409 1792 64 1824 96
410 1824 64 1856 96
411 1856 64 1888 96
412 1888 64 1920 96
413 1920 64 1952 96
414 1952 64 1984 96
415 1984 64 2016 96
416 2016 64 2048 96
417 2048 64 2080 96
418 2080 64 2112 96
419 2112 64 2144 96
420 2144 64 2176 96
421 2176 64 2208 96
422 2208 64 2240 96
423 2240 64 2272 96
424 2272 64 2304 96
425 2304 64 2336 96
426 2336 64 2368 96
427 2368 64 2400 96
428 2400 64 2432 96
429 2432 64 2464 96
430 2464 64 2496 96
431 2496 64 2528 96
432 2528 64 2560 96
433 2560 64 2592 96
434 2592 64 2624 96
435 2624 64 2656 96
436 2656 64 2688 96
437 2688 64 2720 96
438 2720 64 2752 96
439 2752 64 2784 96
440 2784 64 2816 96
441 2816 64 2848 96
442 2848 64 2880 96
443 2880 64 2912 96
444 2912 64 2944 96
445 2944 64 2976 96
446 2976 64 3008 96
447 3008 64 3040 96
448 3040 64 3072 96
449 3072 64 3104 96
450 3104 64 3136 96
451 3136 64 3168 96
452 3168 64 3200 96
453 3200 64 3232 96
454 3232 64 3264 96
455 3264 64 3296 96
456 3296 64 3328 96
457 3328 64 3360 96
458 3360 64 3392 96
459 3392 64 3424 96
460 3424 64 3456 96
461 3456 64 3488 96
462 3488 64 3520 96
463 3520 64 3552 96
464 3552 64 3584 96
465 3584 64 3616 96
466 3616 64 3648 96
467 3648 64 3680 96
468 3680 64 3712 96
469 3712 64 3744 96
470 3744 64 3776 96
471 3776 64 3808 96
472 3808 64 3840 96
473 3840 64 3872 96
474 3872 64 3904 96
475 3904 64 3936 96
476 3936 64 3968 96
477 3968 64 4000 96
478 4000 64 4032 96
479 4032 64 4064 96
480 4064 64 4096 96
481 4096 64 4128 96
482 4128 64 4160 96
483 4160 64 4192 96
484 4192 64 4224 96
485 4224 64 4256 96
486 4256 64 4288 96
487 4288 64 4320 96
488 4320 64 4352 96
489 4352 64 4384 96
490 4384 64 4416 96
491 4416 64 4448 96
492 4448 64 4480 96
493 4480 64 4512 96
494 4512 64 4544 96
495 4544 64 4576 96
496 4576 64 4608 96
497 4608 64 4640 96
498 4640 64 4672 96
499 4672 64 4704 96
500 4704 64 4736 96
501 4736 64 4768 96
502 4768 64 4800 96
503 4800 64 4832 96
504 4832 64 4864 96
505 4864 64 4896 96
506 4896 64 4928 96
507 4928 64 4960 96
508 4960 64 4992 96
509 4992 64 5024 96
510 5024 64 5056 96
511 5056 64 5088 96
512 5088 64 5120 96
513 5120 64 5152 96
514 5152 64 5184 96
515 5184 64 5216 96
516 5216 64 5248 96
517 5248 64 5280 96
518 5280 64 5312 96
519 5312 64 5344 96
520 5344 64 5376 96
521 5376 64 5408 96
522 5408 64 5440 96
523 5440 64 5472 96
524 5472 64 5504 96
525 5504 64 5536 96
526 5536 64 5568 96
527 5568 64 5600 96
528 5600 64 5632 96
529 0 96 32 128
530 32 96 64 128
531 64 96 96 128
532 96 96 128 128
533 128 96 160 128
534 160 96 192 128
535 192 96 224 128
536 224 96 256 128
537 256 96 288 128
538 288 96 320 128
539 320 96 352 128
540 352 96 384 128
541 384 96 416 128
542 416 96 448 128
543 448 96 480 128
544 480 96 512 128
545 512 96 544 128
546 544 96 576 128
547 576 96 608 128
548 608 96 640 128
549 640 96 672 128
550 672 96 704 128
551 704 96 736 128
552 736 96 768 128
553 768 96 800 128
554 800 96 832 128
555 832 96 864 128
556 864 96 896 128
557 896 96 928 128
558 928 96 960 128
559 960 96 992 128
560 992 96 1024 128
561 1024 96 1056 128
562 1056 96 1088 128
563 1088 96 1120 128
564 1120 96 1152 128
565 1152 96 1184 128
566 1184 96 1216 128
567 1216 96 1248 128
568 1248 96 1280 128
569 1280 96 1312 128
570 1312 96 1344 128
571 1344 96 1376 128
572 1376 96 1408 128
573 1408 96 1440 128
574 1440 96 1472 128
575 1472 96 1504 128
576 1504 96 1536 128
577 1536 96 1568 128
578 1568 96 1600 128
579 1600 96 1632 128
580 1632 96 1664 128
581 1664 96 1696 128
582 1696 96 1728 128
583 1728 96 1760 128
584 1760 96 1792 128
585 1792 96 1824 128
586 1824 96 1856 128
587 1856 96 1888 128
588 1888 96 1920 128
589 1920 96 1952 128
590 1952 96 1984 128
591 1984 96 2016 128
592 2016 96 2048 128
593 2048 96 2080 128
594 2080 96 2112 128
595 2112 96 2144 128
596 2144 96 2176 128
597 2176 96 2208 128
598 2208 96 2240 128
599 2240 96 2272 128
600 2272 96 2304 128
601 2304 96 2336 128
602 2336 96 2368 128
603 2368 96 2400 128
604 2400 96 2432 128
605 2432 96 2464 128
606 2464 96 2496 128
607 2496 96 2528 128
608 2528 96 2560 128
609 2560 96 2592 128
610 2592 96 2624 128
611 2624 96 2656 128
612 2656 96 2688 128
613 2688 96 2720 128
614 2720 96 2752 128
615 2752 96 2784 128
616 2784 96 2816 128
617 2816 96 2848 128
618 2848 96 2880 128
619 2880 96 2912 128
620 2912 96 2944 128
621 2944 96 2976 128
622 2976 96 3008 128
623 3008 96 3040 128
624 3040 96 3072 128
625 3072 96 3104 128
626 3104 96 3136 128
627 3136 96 3168 128
628 3168 96 3200 128
629 3200 96 3232 128
630 3232 96 3264 128
631 3264 96 3296 128
632 3296 96 3328 128
633 3328 96 3360 128
634 3360 96 3392 128
635 3392 96 3424 128
636 3424 96 3456 128
637 3456 96 3488 128
638 3488 96 3520 128
639 3520 96 3552 128
640 3552 96 3584 128
641 3584 96 3616 128
642 3616 96 3648 128
643 3648 96 3680 128
644 3680 96 3712 128
645 3712 96 3744 128
646 3744 96 3776 128
647 3776 96 3808 128
648 3808 96 3840 128
649 3840 96 3872 128
650 3872 96 3904 128
651 3904 96 3936 128
652 3936 96 3968 128
653 3968 96 4000 128
654 4000 96 4032 128
655 4032 96 4064 128
656 4064 96 4096 128
657 4096 96 4128 128
658 4128 96 4160 128
659 4160 96 4192 128
660 4192 96 4224 128
661 4224 96 4256 128
662 4256 96 4288 128
663 4288 96 4320 128
664 4320 96 4352 128
665 4352 96 4384 128
666 4384 96 4416 128
667 4416 96 4448 128
668 4448 96 4480 128
669 4480 96 4512 128
670 4512 96 4544 128
671 4544 96 4576 128
672 4576 96 4608 128
673 4608 96 4640 128
674 4640 96 4672 128
675 4672 96 4704 128
676 4704 96 4736 128
677 4736 96 4768 128
678 4768 96 4800 128
679 4800 96 4832 128
680 4832 96 4864 128
681 4864 96 4896 128
682 4896 96 4928 128
683 4928 96 4960 128
684 4960 96 4992 128
685 4992 96 5024 128
686 5024 96 5056 128
687 5056 96 5088 128
688 5088 96 5120 128
689 5120 96 5152 128
690 5152 96 5184 128
691 5184 96 5216 128
692 5216 96 5248 128
693 5248 96 5280 128
694 5280 96 5312 128
695 5312 96 5344 128
696 5344 96 5376 128
697 5376 96 5408 128
698 5408 96 5440 128
699 5440 96 5472 128
700 5472 96 5504 128
701 5504 96 5536 128
702 5536 96 5568 128
703 5568 96 5600 128
704 5600 96 5632 128
705 0 128 32 160
706 32 128 64 160
707 64 128 96 160
708 96 128 128 160
709 128 128 160 160
710 160 128 192 160
711 192 128 224 160
712 224 128 256 160
713 256 128 288 160
714 288 128 320 160
715 320 128 352 160
716 352 128 384 160
717 384 128 416 160
718 416 128 448 160
719 448 128 480 160
720 480 128 512 160
721 512 128 544 160
722 544 128 576 160
723 576 128 608 160
724 608 128 640 160
725 640 128 672 160
726 672 128 704 160
727 704 128 736 160
728 736 128 768 160
729 768 128 800 160
730 800 128 832 160
731 832 128 864 160
732 864 128 896 160
733 896 128 928 160
734 928 128 960 160
735 960 128 992 160
736 992 128 1024 160
737 1024 128 1056 160
738 1056 128 1088 160
739 1088 128 1120 160
740 1120 128 1152 160
741 1152 128 1184 160
742 1184 128 1216 160
743 1216 128 1248 160
744 1248 128 1280 160
745 1280 128 1312 160
746 1312 128 1344 160
747 1344 128 1376 160
748 1376 128 1408 160
749 1408 128 1440 160
750 1440 128 1472 160
751 1472 128 1504 160
752 1504 128 1536 160
753 1536 128 1568 160
754 1568 128 1600 160
755 1600 128 1632 160
756 1632 128 1664 160
757 1664 128 1696 160
758 1696 128 1728 160
759 1728 128 1760 160
760 1760 128 1792 160
761 1792 128 1824 160
762 1824 128 1856 160
763 1856 128 1888 160
764 1888 128 1920 160
765 1920 128 1952 160
766 1952 128 1984 160
767 1984 128 2016 160
768 2016 128 2048 160
769 2048 128 2080 160
770 2080 128 2112 160
771 2112 128 2144 160
772 2144 128 2176 160
773 2176 128 2208 160
774 2208 128 2240 160
775 2240 128 2272 160
776 2272 128 2304 160
777 2304 128 2336 160
778 2336 128 2368 160
779 2368 128 2400 160
780 2400 128 2432 160
781 2432 128 2464 160
782 2464 128 2496 160
783 2496 128 2528 160
784 2528 128 2560 160
785 2560 128 2592 160
786 2592 128 2624 160
787 2624 128 2656 160
788 2656 128 2688 160
789 2688 128 2720 160
790 2720 128 2752 160
791 2752 128 2784 160
792 2784 128 2816 160
793 2816 128 2848 160
794 2848 128 2880 160
795 2880 128 2912 160
796 2912 128 2944 160
797 2944 128 2976 160
798 2976 128 3008 160
799 3008 128 3040 160
800 3040 128 3072 160
801 3072 128 3104 160
802 3104 128 3136 160
803 3136 128 3168 160
804 3168 128 3200 160
805 3200 128 3232 160
806 3232 128 3264 160
807 3264 128 3296 160
808 3296 128 3328 160
809 3328 128 3360 160
810 3360 128 3392 160
811 3392 128 3424 160
812 3424 128 3456 160
813 3456 128 3488 160
814 3488 128 3520 160
815 3520 128 3552 160
816 3552 128 3584 160
817 3584 128 3616 160
818 3616 128 3648 160
819 3648 128 3680 160
820 3680 128 3712 160
821 3712 128 3744 160
822 3744 128 3776 160
823 3776 128 3808 160
824 3808 128 3840 160
825 3840 128 3872 160
826 3872 128 3904 160
827 3904 128 3936 160
828 3936 128 3968 160
829 3968 128 4000 160
830 4000 128 4032 160
831 4032 128 4064 160
832 4064 128 4096 160
833 4096 128 4128 160
834 4128 128 4160 160
835 4160 128 4192 160
836 4192 128 4224 160
837 4224 128 4256 160
838 4256 128 4288 160
839 4288 128 4320 160
840 4320 128 4352 160
841 4352 128 4384 160
842 4384 128 4416 160
843 4416 128 4448 160
844 4448 128 4480 160
845 4480 128 4512 160
846 4512 128 4544 160
847 4544 128 4576 160
848 4576 128 4608 160
849 4608 128 4640 160
850 4640 128 4672 160
851 4672 128 4704 160
852 4704 128 4736 160
853 4736 128 4768 160
854 4768 128 4800 160
855 4800 128 4832 160
856 4832 128 4864 160
857 4864 128 4896 160
858 4896 128 4928 160
859 4928 128 4960 160
860 4960 128 4992 160
861 4992 128 5024 160
862 5024 128 5056 160
863 5056 128 5088 160
864 5088 128 5120 160
865 5120 128 5152 160
866 5152 128 5184 160
867 5184 128 5216 160
868 5216 128 5248 160
869 5248 128 5280 160
870 5280 128 5312 160
871 5312 128 5344 160
872 5344 128 5376 160
873 5376 128 5408 160
874 5408 128 5440 160
875 5440 128 5472 160
876 5472 128 5504 160
877 5504 128 5536 160
878 5536 128 5568 160
879 5568 128 5600 160
880 5600 128 5632 160
881 0 160 32 192
882 32 160 64 192
883 64 160 96 192
884 96 160 128 192
885 128 160 160 192
886 160 160 192 192
887 192 160 224 192
888 224 160 256 192
889 256 160 288 192
890 288 160 320 192
891 320 160 352 192
892 352 160 384 192
893 384 160 416 192
894 416 160 448 192
895 448 160 480 192
896 480 160 512 192
897 512 160 544 192
898 544 160 576 192
899 576 160 608 192
900 608 160 640 192
901 640 160 672 192
902 672 160 704 192
903 704 160 736 192
904 736 160 768 192
905 768 160 800 192
906 800 160 832 192
907 832 160 864 192
908 864 160 896 192
909 896 160 928 192
910 928 160 960 192
911 960 160 992 192
912 992 160 1024 192
913 1024 160 1056 192
914 1056 160 1088 192
915 1088 160 1120 192
916 1120 160 1152 192
917 1152 160 1184 192
918 1184 160 1216 192
919 1216 160 1248 192
920 1248 160 1280 192
921 1280 160 1312 192
922 1312 160 1344 192
923 1344 160 1376 192
924 1376 160 1408 192
925 1408 160 1440 192
926 1440 160 1472 192
927 1472 160 1504 192
928 1504 160 1536 192
929 1536 160 1568 192
930 1568 160 1600 192
931 1600 160 1632 192
932 1632 160 1664 192
933 1664 160 1696 192
934 1696 160 1728 192
935 1728 160 1760 192
936 1760 160 1792 192
937 1792 160 1824 192
938 1824 160 1856 192
939 1856 160 1888 192
940 1888 160 1920 192
941 1920 160 1952 192
942 1952 160 1984 192
943 1984 160 2016 192
944 2016 160 2048 192
945 2048 160 2080 192
946 2080 160 2112 192
947 2112 160 2144 192
948 2144 160 2176 192
949 2176 160 2208 192
950 2208 160 2240 192
951 2240 160 2272 192
952 2272 160 2304 192
953 2304 160 2336 192
954 2336 160 2368 192
955 2368 160 2400 192
956 2400 160 2432 192
957 2432 160 2464 192
958 2464 160 2496 192
959 2496 160 2528 192
960 2528 160 2560 192
961 2560 160 2592 192
962 2592 160 2624 192
963 2624 160 2656 192
964 2656 160 2688 192
965 2688 160 2720 192
966 2720 160 2752 192
967 2752 160 2784 192
968 2784 160 2816 192
969 2816 160 2848 192
970 2848 160 2880 192
971 2880 160 2912 192
972 2912 160 2944 192
973 2944 160 2976 192
974 2976 160 3008 192
975 3008 160 3040 192
976 3040 160 3072 192
977 3072 160 3104 192
978 3104 160 3136 192
979 3136 160 3168 192
980 3168 160 3200 192
981 3200 160 3232 192
982 3232 160 3264 192
983 3264 160 3296 192
984 3296 160 3328 192
985 3328 160 3360 192
986 3360 160 3392 192
987 3392 160 3424 192
988 3424 160 3456 192
989 3456 160 3488 192
990 3488 160 3520 192
991 3520 160 3552 192
992 3552 160 3584 192
993 3584 160 3616 192
994 3616 160 3648 192
995 3648 160 3680 192
996 3680 160 3712 192
997 3712 160 3744 192
998 3744 160 3776 192
999 3776 160 3808 192
1000 3808 160 3840 192
1001 3840 160 3872 192
1002 3872 160 3904 192
1003 3904 160 3936 192
1004 3936 160 3968 192
1005 3968 160 4000 192
1006 4000 160 4032 192
1007 4032 160 4064 192
1008 4064 160 4096 192
1009 4096 160 4128 192
1010 4128 160 4160 192
1011 4160 160 4192 192
1012 4192 160 4224 192
1013 4224 160 4256 192
1014 4256 160 4288 192
1015 4288 160 4320 192
1016 4320 160 4352 192
1017 4352 160 4384 192
1018 4384 160 4416 192
1019 4416 160 4448 192
1020 4448 160 4480 192
1021 4480 160 4512 192
1022 4512 160 4544 192
1023 4544 160 4576 192
1024 4576 160 4608 192
1025 4608 160 4640 192
1026 4640 160 4672 192
1027 4672 160 4704 192
1028 4704 160 4736 192
1029 4736 160 4768 192
1030 4768 160 4800 192
1031 4800 160 4832 192
1032 4832 160 4864 192
1033 4864 160 4896 192
1034 4896 160 4928 192
1035 4928 160 4960 192
1036 4960 160 4992 192
1037 4992 160 5024 192
1038 5024 160 5056 192
1039 5056 160 5088 192
1040 5088 160 5120 192
1041 5120 160 5152 192
1042 5152 160 5184 192
1043 5184 160 5216 192
1044 5216 160 5248 192
1045 5248 160 5280 192
1046 5280 160 5312 192
1047 5312 160 5344 192
1048 5344 160 5376 192
1049 5376 160 5408 192
1050 5408 160 5440 192
1051 5440 160 5472 192
1052 5472 160 5504 192
1053 5504 160 5536 192
1054 5536 160 5568 192
1055 5568 160 5600 192
1056 5600 160 5632 192
1057 0 192 32 224
1058 32 192 64 224
1059 64 192 96 224
1060 96 192 128 224
1061 128 192 160 224
1062 160 192 192 224
1063 192 192 224 224
1064 224 192 256 224
1065 256 192 288 224
1066 288 192 320 224
1067 320 192 352 224
1068 352 192 384 224
1069 384 192 416 224
1070 416 192 448 224
1071 448 192 480 224
1072 480 192 512 224
1073 512 192 544 224
1074 544 192 576 224
1075 576 192 608 224
1076 608 192 640 224
1077 640 192 672 224
1078 672 192 704 224
1079 704 192 736 224
1080 736 192 768 224
1081 768 192 800 224
1082 800 192 832 224
1083 832 192 864 224
1084 864 192 896 224
1085 896 192 928 224
1086 928 192 960 224
1087 960 192 992 224
1088 992 192 1024 224
1089 1024 192 1056 224
1090 1056 192 1088 224
1091 1088 192 1120 224
1092 1120 192 1152 224
1093 1152 192 1184 224
1094 1184 192 1216 224
1095 1216 192 1248 224
1096 1248 192 1280 224
1097 1280 192 1312 224
1098 1312 192 1344 224
1099 1344 192 1376 224
1100 1376 192 1408 224
1101 1408 192 1440 224
1102 1440 192 1472 224
1103 1472 192 1504 224
1104 1504 192 1536 224
1105 1536 192 1568 224
1106 1568 192 1600 224
1107 1600 192 1632 224
1108 1632 192 1664 224
1109 1664 192 1696 224
1110 1696 192 1728 224
1111 1728 192 1760 224
1112 1760 192 1792 224
1113 1792 192 1824 224
1114 1824 192 1856 224
1115 1856 192 1888 224
1116 1888 192 1920 224
1117 1920 192 1952 224
1118 1952 192 1984 224
1119 1984 192 2016 224
1120 2016 192 2048 224
1121 2048 192 2080 224
1122 2080 192 2112 224
1123 2112 192 2144 224
1124 2144 192 2176 224
1125 2176 192 2208 224
1126 2208 192 2240 224
1127 2240 192 2272 224
1128 2272 192 2304 224
1129 2304 192 2336 224
1130 2336 192 2368 224
1131 2368 192 2400 224
1132 2400 192 2432 224
1133 2432 192 2464 224
1134 2464 192 2496 224
1135 2496 192 2528 224
1136 2528 192 2560 224
1137 2560 192 2592 224
1138 2592 192 2624 224
1139 2624 192 2656 224
1140 2656 192 2688 224
1141 2688 192 2720 224
1142 2720 192 2752 224
1143 2752 192 2784 224
1144 2784 192 2816 224
1145 2816 192 2848 224
1146 2848 192 2880 224
1147 2880 192 2912 224
1148 2912 192 2944 224
1149 2944 192 2976 224
1150 2976 192 3008 224
1151 3008 192 3040 224
1152 3040 192 3072 224
1153 3072 192 3104 224
1154 3104 192 3136 224
1155 3136 192 3168 224
1156 3168 192 3200 224
1157 3200 192 3232 224
1158 3232 192 3264 224
1159 3264 192 3296 224
1160 3296 192 3328 224
1161 3328 192 3360 224
1162 3360 192 3392 224
1163 3392 192 3424 224
1164 3424 192 3456 224
1165 3456 192 3488 224
1166 3488 192 3520 224
1167 3520 192 3552 224
1168 3552 192 3584 224
1169 3584 192 3616 224
1170 3616 192 3648 224
1171 3648 192 3680 224
1172 3680 192 3712 224
1173 3712 192 3744 224
1174 3744 192 3776 224
1175 3776 192 3808 224
1176 3808 192 3840 224
1177 3840 192 3872 224
1178 3872 192 3904 224
1179 3904 192 3936 224
1180 3936 192 3968 224
1181 3968 192 4000 224
1182 4000 192 4032 224
1183 4032 192 4064 224
1184 4064 192 4096 224
1185 4096 192 4128 224
1186 4128 192 4160 224
1187 4160 192 4192 224
1188 4192 192 4224 224
1189 4224 192 4256 224
1190 4256 192 4288 224
1191 4288 192 4320 224
1192 4320 192 4352 224
1193 4352 192 4384 224
1194 4384 192 4416 224
1195 4416 192 4448 224
1196 4448 192 4480 224
1197 4480 192 4512 224
1198 4512 192 4544 224
1199 4544 192 4576 224
1200 4576 192 4608 224
1201 4608 192 4640 224
1202 4640 192 4672 224
1203 4672 192 4704 224
1204 4704 192 4736 224
1205 4736 192 4768 224
1206 4768 192 4800 224
1207 4800 192 4832 224
1208 4832 192 4864 224
1209 4864 192 4896 224
1210 4896 192 4928 224
1211 4928 192 4960 224
1212 4960 192 4992 224
1213 4992 192 5024 224
1214 5024 192 5056 224
1215 5056 192 5088 224
1216 5088 192 5120 224
1217 5120 192 5152 224
1218 5152 192 5184 224
1219 5184 192 5216 224
1220 5216 192 5248 224
1221 5248 192 5280 224
1222 5280 192 5312 224
1223 5312 192 5344 224
1224 5344 192 5376 224
1225 5376 192 5408 224
1226 5408 192 5440 224
1227 5440 192 5472 224
1228 5472 192 5504 224
1229 5504 192 5536 224
1230 5536 192 5568 224
1231 5568 192 5600 224
1232 5600 192 5632 224
1233 0 224 32 256
1234 32 224 64 256
1235 64 224 96 256
1236 96 224 128 256
1237 128 224 160 256
1238 160 224 192 256
1239 192 224 224 256
1240 224 224 256 256
1241 256 224 288 256
1242 288 224 320 256
1243 320 224 352 256
1244 352 224 384 256
1245 384 224 416 256
1246 416 224 448 256
1247 448 224 480 256
1248 480 224 512 256
1249 512 224 544 256
1250 544 224 576 256
1251 576 224 608 256
1252 608 224 640 256
1253 640 224 672 256
1254 672 224 704 256
1255 704 224 736 256
1256 736 224 768 256
1257 768 224 800 256
1258 800 224 832 256
1259 832 224 864 256
1260 864 224 896 256
1261 896 224 928 256
1262 928 224 960 256
1263 960 224 992 256
1264 992 224 1024 256
1265 1024 224 1056 256
1266 1056 224 1088 256
1267 1088 224 1120 256
1268 1120 224 1152 256
1269 1152 224 1184 256
1270 1184 224 1216 256
1271 1216 224 1248 256
1272 1248 224 1280 256
1273 1280 224 1312 256
1274 1312 224 1344 256
1275 1344 224 1376 256
1276 1376 224 1408 256
1277 1408 224 1440 256
1278 1440 224 1472 256
1279 1472 224 1504 256
1280 1504 224 1536 256
1281 1536 224 1568 256
1282 1568 224 1600 256
1283 1600 224 1632 256
1284 1632 224 1664 256
1285 1664 224 1696 256
1286 1696 224 1728 256
1287 1728 224 1760 256
1288 1760 224 1792 256
1289 1792 224 1824 256
1290 1824 224 1856 256
1291 1856 224 1888 256
1292 1888 224 1920 256
1293 1920 224 1952 256
1294 1952 224 1984 256
1295 1984 224 2016 256
1296 2016 224 2048 256
1297 2048 224 2080 256
1298 2080 224 2112 256
1299 2112 224 2144 256
1300 2144 224 2176 256
1301 2176 224 2208 256
1302 2208 224 2240 256
1303 2240 224 2272 256
1304 2272 224 2304 256
1305 2304 224 2336 256
1306 2336 224 2368 256
1307 2368 224 2400 256
1308 2400 224 2432 256
1309 2432 224 2464 256
1310 2464 224 2496 256
1311 2496 224 2528 256
1312 2528 224 2560 256
1313 2560 224 2592 256
1314 2592 224 2624 256
1315 2624 224 2656 256
1316 2656 224 2688 256
1317 2688 224 2720 256
1318 2720 224 2752 256
1319 2752 224 2784 256
1320 2784 224 2816 256
1321 2816 224 2848 256
1322 2848 224 2880 256
1323 2880 224 2912 256
1324 2912 224 2944 256
1325 2944 224 2976 256
1326 2976 224 3008 256
1327 3008 224 3040 256
1328 3040 224 3072 256
1329 3072 224 3104 256
1330 3104 224 3136 256
1331 3136 224 3168 256
1332 3168 224 3200 256
1333 3200 224 3232 256
1334 3232 224 3264 256
1335 3264 224 3296 256
1336 3296 224 3328 256
1337 3328 224 3360 256
1338 3360 224 3392 256
1339 3392 224 3424 256
1340 3424 224 3456 256
1341 3456 224 3488 256
1342 3488 224 3520 256
1343 3520 224 3552 256
1344 3552 224 3584 256
1345 3584 224 3616 256
1346 3616 224 3648 256
1347 3648 224 3680 256
1348 3680 224 3712 256
1349 3712 224 3744 256
1350 3744 224 3776 256
1351 3776 224 3808 256
1352 3808 224 3840 256
1353 3840 224 3872 256
1354 3872 224 3904 256
1355 3904 224 3936 256
1356 3936 224 3968 256
1357 3968 224 4000 256
1358 4000 224 4032 256
1359 4032 224 4064 256
1360 4064 224 4096 256
1361 4096 224 4128 256
1362 4128 224 4160 256
1363 4160 224 4192 256
1364 4192 224 4224 256
1365 4224 224 4256 256
1366 4256 224 4288 256
1367 4288 224 4320 256
1368 4320 224 4352 256
1369 4352 224 4384 256
1370 4384 224 4416 256
1371 4416 224 4448 256
1372 4448 224 4480 256
1373 4480 224 4512 256
1374 4512 224 4544 256
1375 4544 224 4576 256
1376 4576 224 4608 256
1377 4608 224 4640 256
1378 4640 224 4672 256
1379 4672 224 4704 256
1380 4704 224 4736 256
1381 4736 224 4768 256
1382 4768 224 4800 256
1383 4800 224 4832 256
1384 4832 224 4864 256
1385 4864 224 4896 256
1386 4896 224 4928 256
1387 4928 224 4960 256
1388 4960 224 4992 256
1389 4992 224 5024 256
1390 5024 224 5056 256
1391 5056 224 5088 256
1392 5088 224 5120 256
1393 5120 224 5152 256
1394 5152 224 5184 256
1395 5184 224 5216 256
1396 5216 224 5248 256
1397 5248 224 5280 256
1398 5280 224 5312 256
1399 5312 224 5344 256
1400 5344 224 5376 256
1401 5376 224 5408 256
1402 5408 224 5440 256
1403 5440 224 5472 256
1404 5472 224 5504 256
1405 5504 224 5536 256
1406 5536 224 5568 256
1407 5568 224 5600 256
1408 5600 224 5632 256
1409 0 256 32 288
1410 32 256 64 288
1411 64 256 96 288
1412 96 256 128 288
1413 128 256 160 288
1414 160 256 192 288
1415 192 256 224 288
1416 224 256 256 288
1417 256 256 288 288
1418 288 256 320 288
1419 320 256 352 288
1420 352 256 384 288
1421 384 256 416 288
1422 416 256 448 288
1423 448 256 480 288
1424 480 256 512 288
1425 512 256 544 288
1426 544 256 576 288
1427 576 256 608 288
1428 608 256 640 288
1429 640 256 672 288
1430 672 256 704 288
1431 704 256 736 288
1432 736 256 768 288
1433 768 256 800 288
1434 800 256 832 288
1435 832 256 864 288
1436 864 256 896 288
1437 896 256 928 288
1438 928 256 960 288
1439 960 256 992 288
1440 992 256 1024 288
1441 1024 256 1056 288
1442 1056 256 1088 288
1443 1088 256 1120 288
1444 1120 256 1152 288
1445 1152 256 1184 288
1446 1184 256 1216 288
1447 1216 256 1248 288
1448 1248 256 1280 288
1449 1280 256 1312 288
1450 1312 256 1344 288
1451 1344 256 1376 288
1452 1376 256 1408 288
1453 1408 256 1440 288
1454 1440 256 1472 288
1455 1472 256 1504 288
1456 1504 256 1536 288
1457 1536 256 1568 288
1458 1568 256 1600 288
1459 1600 256 1632 288
1460 1632 256 1664 288
1461 1664 256 1696 288
1462 1696 256 1728 288
1463 1728 256 1760 288
1464 1760 256 1792 288
1465 1792 256 1824 288
1466 1824 256 1856 288
1467 1856 256 1888 288
1468 1888 256 1920 288
1469 1920 256 1952 288
1470 1952 256 1984 288
1471 1984 256 2016 288
1472 2016 256 2048 288
1473 2048 256 2080 288
1474 2080 256 2112 288
1475 2112 256 2144 288
1476 2144 256 2176 288
1477 2176 256 2208 288
1478 2208 256 2240 288
1479 2240 256 2272 288
1480 2272 256 2304 288
1481 2304 256 2336 288
1482 2336 256 2368 288
1483 2368 256 2400 288
1484 2400 256 2432 288
1485 2432 256 2464 288
1486 2464 256 2496 288
1487 2496 256 2528 288
1488 2528 256 2560 288
1489 2560 256 2592 288
1490 2592 256 2624 288
1491 2624 256 2656 288
1492 2656 256 2688 288
1493 2688 256 2720 288
1494 2720 256 2752 288
1495 2752 256 2784 288
1496 2784 256 2816 288
1497 2816 256 2848 288
1498 2848 256 2880 288
1499 2880 256 2912 288
1500 2912 256 2944 288
1501 2944 256 2976 288
1502 2976 256 3008 288
1503 3008 256 3040 288
1504 3040 256 3072 288
1505 3072 256 3104 288
1506 3104 256 3136 288
1507 3136 256 3168 288
1508 3168 256 3200 288
1509 3200 256 3232 288
1510 3232 256 3264 288
1511 3264 256 3296 288
1512 3296 256 3328 288
1513 3328 256 3360 288
1514 3360 256 3392 288
1515 3392 256 3424 288
1516 3424 256 3456 288
1517 3456 256 3488 288
1518 3488 256 3520 288
1519 3520 256 3552 288
1520 3552 256 3584 288
1521 3584 256 3616 288
1522 3616 256 3648 288
1523 3648 256 3680 288
1524 3680 256 3712 288
1525 3712 256 3744 288
1526 3744 256 3776 288
1527 3776 256 3808 288
1528 3808 256 3840 288
1529 3840 256 3872 288
1530 3872 256 3904 288
1531 3904 256 3936 288
1532 3936 256 3968 288
1533 3968 256 4000 288
1534 4000 256 4032 288
1535 4032 256 4064 288
1536 4064 256 4096 288
1537 4096 256 4128 288
1538 4128 256 4160 288
1539 4160 256 4192 288
1540 4192 256 4224 288
1541 4224 256 4256 288
1542 4256 256 4288 288
1543 4288 256 4320 288
1544 4320 256 4352 288
1545 4352 256 4384 288
1546 4384 256 4416 288
1547 4416 256 4448 288
1548 4448 256 4480 288
1549 4480 256 4512 288
1550 4512 256 4544 288
1551 4544 256 4576 288
1552 4576 256 4608 288
1553 4608 256 4640 288
1554 4640 256 4672 288
1555 4672 256 4704 288
1556 4704 256 4736 288
1557 4736 256 4768 288
1558 4768 256 4800 288
1559 4800 256 4832 288
1560 4832 256 4864 288
1561 4864 256 4896 288
1562 4896 256 4928 288
1563 4928 256 4960 288
1564 4960 256 4992 288
1565 4992 256 5024 288
1566 5024 256 5056 288
1567 5056 256 5088 288
1568 5088 256 5120 288
1569 5120 256 5152 288
1570 5152 256 5184 288
1571 5184 256 5216 288
1572 5216 256 5248 288
1573 5248 256 5280 288
1574 5280 256 5312 288
1575 5312 256 5344 288
1576 5344 256 5376 288
1577 5376 256 5408 288
1578 5408 256 5440 288
1579 5440 256 5472 288
1580 5472 256 5504 288
1581 5504 256 5536 288
1582 5536 256 5568 288
1583 5568 256 5600 288
1584 5600 256 5632 288
1585 0 288 32 320
1586 32 288 64 320
1587 64 288 96 320
1588 96 288 128 320
1589 128 288 160 320
1590 160 288 192 320
1591 192 288 224 320
1592 224 288 256 320
1593 256 288 288 320
1594 288 288 320 320
1595 320 288 352 320
1596 352 288 384 320
1597 384 288 416 320
1598 416 288 448 320
1599 448 288 480 320
1600 480 288 512 320
1601 512 288 544 320
1602 544 288 576 320
1603 576 288 608 320
1604 608 288 640 320
1605 640 288 672 320
1606 672 288 704 320
1607 704 288 736 320
1608 736 288 768 320
1609 768 288 800 320
1610 800 288 832 320
1611 832 288 864 320
1612 864 288 896 320
1613 896 288 928 320
1614 928 288 960 320
1615 960 288 992 320
1616 992 288 1024 320
1617 1024 288 1056 320
1618 1056 288 1088 320
1619 1088 288 1120 320
1620 1120 288 1152 320
1621 1152 288 1184 320
1622 1184 288 1216 320
1623 1216 288 1248 320
1624 1248 288 1280 320
1625 1280 288 1312 320
1626 1312 288 1344 320
1627 1344 288 1376 320
1628 1376 288 1408 320
1629 1408 288 1440 320
1630 1440 288 1472 320
1631 1472 288 1504 320
1632 1504 288 1536 320
1633 1536 288 1568 320
1634 1568 288 1600 320
1635 1600 288 1632 320
1636 1632 288 1664 320
1637 1664 288 1696 320
1638 1696 288 1728 320
1639 1728 288 1760 320
1640 1760 288 1792 320
1641 1792 288 1824 320
1642 1824 288 1856 320
1643 1856 288 1888 320
1644 1888 288 1920 320
1645 1920 288 1952 320
1646 1952 288 1984 320
1647 1984 288 2016 320
1648 2016 288 2048 320
1649 2048 288 2080 320
1650 2080 288 2112 320
1651 2112 288 2144 320
1652 2144 288 2176 320
1653 2176 288 2208 320
1654 2208 288 2240 320
1655 2240 288 2272 320
1656 2272 288 2304 320
1657 2304 288 2336 320
1658 2336 288 2368 320
1659 2368 288 2400 320
1660 2400 288 2432 320
1661 2432 288 2464 320
1662 2464 288 2496 320
1663 2496 288 2528 320
1664 2528 288 2560 320
1665 2560 288 2592 320
1666 2592 288 2624 320
1667 2624 288 2656 320
1668 2656 288 2688 320
1669 2688 288 2720 320
1670 2720 288 2752 320
1671 2752 288 2784 320
1672 2784 288 2816 320
1673 2816 288 2848 320
1674 2848 288 2880 320
1675 2880 288 2912 320
1676 2912 288 2944 320
1677 2944 288 2976 320
1678 2976 288 3008 320
1679 3008 288 3040 320
1680 3040 288 3072 320
1681 3072 288 3104 320
1682 3104 288 3136 320
1683 3136 288 3168 320
1684 3168 288 3200 320
1685 3200 288 3232 320
1686 3232 288 3264 320
1687 3264 288 3296 320
1688 3296 288 3328 320
1689 3328 288 3360 320
1690 3360 288 3392 320
1691 3392 288 3424 320
1692 3424 288 3456 320
1693 3456 288 3488 320
1694 3488 288 3520 320
1695 3520 288 3552 320
1696 3552 288 3584 320
1697 3584 288 3616 320
1698 3616 288 3648 320
1699 3648 288 3680 320
1700 3680 288 3712 320
1701 3712 288 3744 320
1702 3744 288 3776 320
1703 3776 288 3808 320
1704 3808 288 3840 320
1705 3840 288 3872 320
1706 3872 288 3904 320
1707 3904 288 3936 320
1708 3936 288 3968 320
1709 3968 288 4000 320
1710 4000 288 4032 320
1711 4032 288 4064 320
1712 4064 288 4096 320
1713 4096 288 4128 320
1714 4128 288 4160 320
1715 4160 288 4192 320
1716 4192 288 4224 320
1717 4224 288 4256 320
1718 4256 288 4288 320
1719 4288 288 4320 320
1720 4320 288 4352 320
1721 4352 288 4384 320
1722 4384 288 4416 320
1723 4416 288 4448 320
1724 4448 288 4480 320
1725 4480 288 4512 320
1726 4512 288 4544 320
1727 4544 288 4576 320
1728 4576 288 4608 320
1729 4608 288 4640 320
1730 4640 288 4672 320
1731 4672 288 4704 320
1732 4704 288 4736 320
1733 4736 288 4768 320
1734 4768 288 4800 320
1735 4800 288 4832 320
1736 4832 288 4864 320
1737 4864 288 4896 320
1738 4896 288 4928 320
1739 4928 288 4960 320
1740 4960 288 4992 320
1741 4992 288 5024 320
1742 5024 288 5056 320
1743 5056 288 5088 320
1744 5088 288 5120 320
1745 5120 288 5152 320
1746 5152 288 5184 320
1747 5184 288 5216 320
1748 5216 288 5248 320
1749 5248 288 5280 320
1750 5280 288 5312 320
1751 5312 288 5344 320
1752 5344 288 5376 320
1753 5376 288 5408 320
1754 5408 288 5440 320
1755 5440 288 5472 320
1756 5472 288 5504 320
1757 5504 288 5536 320
1758 5536 288 5568 320
1759 5568 288 5600 320
1760 5600 288 5632 320
1761 0 320 32 352
1762 32 320 64 352
1763 64 320 96 352
1764 96 320 128 352
1765 128 320 160 352
1766 160 320 192 352
1767 192 320 224 352
1768 224 320 256 352
1769 256 320 288 352
1770 288 320 320 352
1771 320 320 352 352
1772 352 320 384 352
1773 384 320 416 352
1774 416 320 448 352
1775 448 320 480 352
1776 480 320 512 352
1777 512 320 544 352
1778 544 320 576 352
1779 576 320 608 352
1780 608 320 640 352
1781 640 320 672 352
1782 672 320 704 352
1783 704 320 736 352
1784 736 320 768 352
1785 768 320 800 352
1786 800 320 832 352
1787 832 320 864 352
1788 864 320 896 352
1789 896 320 928 352
1790 928 320 960 352
1791 960 320 992 352
1792 992 320 1024 352
1793 1024 320 1056 352
1794 1056 320 1088 352
1795 1088 320 1120 352
1796 1120 320 1152 352
1797 1152 320 1184 352
1798 1184 320 1216 352
1799 1216 320 1248 352
1800 1248 320 1280 352
1801 1280 320 1312 352
1802 1312 320 1344 352
1803 1344 320 1376 352
1804 1376 320 1408 352
1805 1408 320 1440 352
1806 1440 320 1472 352
1807 1472 320 1504 352
1808 1504 320 1536 352
1809 1536 320 1568 352
1810 1568 320 1600 352
1811 1600 320 1632 352
1812 1632 320 1664 352
1813 1664 320 1696 352
1814 1696 320 1728 352
1815 1728 320 1760 352
1816 1760 320 1792 352
1817 1792 320 1824 352
1818 1824 320 1856 352
1819 1856 320 1888 352
1820 1888 320 1920 352
1821 1920 320 1952 352
1822 1952 320 1984 352
1823 1984 320 2016 352
1824 2016 320 2048 352
1825 2048 320 2080 352
1826 2080 320 2112 352
1827 2112 320 2144 352
1828 2144 320 2176 352
1829 2176 320 2208 352
1830 2208 320 2240 352
1831 2240 320 2272 352
1832 2272 320 2304 352
1833 2304 320 2336 352
1834 2336 320 2368 352
1835 2368 320 2400 352
1836 2400 320 2432 352
1837 2432 320 2464 352
1838 2464 320 2496 352
1839 2496 320 2528 352
1840 2528 320 2560 352
1841 2560 320 2592 352
1842 2592 320 2624 352
1843 2624 320 2656 352
1844 2656 320 2688 352
1845 2688 320 2720 352
1846 2720 320 2752 352
1847 2752 320 2784 352
1848 2784 320 2816 352
1849 2816 320 2848 352
1850 2848 320 2880 352
1851 2880 320 2912 352
1852 2912 320 2944 352
1853 2944 320 2976 352
1854 2976 320 3008 352
1855 3008 320 3040 352
1856 3040 320 3072 352
1857 3072 320 3104 352
1858 3104 320 3136 352
1859 3136 320 3168 352
1860 3168 320 3200 352
1861 3200 320 3232 352
1862 3232 320 3264 352
1863 3264 320 3296 352
1864 3296 320 3328 352
1865 3328 320 3360 352
1866 3360 320 3392 352
1867 3392 320 3424 352
1868 3424 320 3456 352
1869 3456 320 3488 352
1870 3488 320 3520 352
1871 3520 320 3552 352
1872 3552 320 3584 352
1873 3584 320 3616 352
1874 3616 320 3648 352
1875 3648 320 3680 352
1876 3680 320 3712 352
1877 3712 320 3744 352
1878 3744 320 3776 352
1879 3776 320 3808 352
1880 3808 320 3840 352
1881 3840 320 3872 352
1882 3872 320 3904 352
1883 3904 320 3936 352
1884 3936 320 3968 352
1885 3968 320 4000 352
1886 4000 320 4032 352
1887 4032 320 4064 352
1888 4064 320 4096 352
1889 4096 320 4128 352
1890 4128 320 4160 352
1891 4160 320 4192 352
1892 4192 320 4224 352
1893 4224 320 4256 352
1894 4256 320 4288 352
1895 4288 320 4320 352
1896 4320 320 4352 352
1897 4352 320 4384 352
1898 4384 320 4416 352
1899 4416 320 4448 352
1900 4448 320 4480 352
1901 4480 320 4512 352
1902 4512 320 4544 352
1903 4544 320 4576 352
1904 4576 320 4608 352
1905 4608 320 4640 352
1906 4640 320 4672 352
1907 4672 320 4704 352
1908 4704 320 4736 352
1909 4736 320 4768 352
1910 4768 320 4800 352
1911 4800 320 4832 352
1912 4832 320 4864 352
1913 4864 320 4896 352
1914 4896 320 4928 352
1915 4928 320 4960 352
1916 4960 320 4992 352
1917 4992 320 5024 352
1918 5024 320 5056 352
1919 5056 320 5088 352
1920 5088 320 5120 352
1921 5120 320 5152 352
1922 5152 320 5184 352
1923 5184 320 5216 352
1924 5216 320 5248 352
1925 5248 320 5280 352
1926 5280 320 5312 352
1927 5312 320 5344 352
1928 5344 320 5376 352
1929 5376 320 5408 352
1930 5408 320 5440 352
1931 5440 320 5472 352
1932 5472 320 5504 352
1933 5504 320 5536 352
1934 5536 320 5568 352
1935 5568 320 5600 352
1936 5600 320 5632 352
1937 0 352 32 384
1938 32 352 64 384
1939 64 352 96 384
1940 96 352 128 384
1941 128 352 160 384
1942 160 352 192 384
1943 192 352 224 384
1944 224 352 256 384
1945 256 352 288 384
1946 288 352 320 384
1947 320 352 352 384
1948 352 352 384 384
1949 384 352 416 384
1950 416 352 448 384
1951 448 352 480 384
1952 480 352 512 384
1953 512 352 544 384
1954 544 352 576 384
1955 576 352 608 384
1956 608 352 640 384
1957 640 352 672 384
1958 672 352 704 384
1959 704 352 736 384
1960 736 352 768 384
1961 768 352 800 384
1962 800 352 832 384
1963 832 352 864 384
1964 864 352 896 384
1965 896 352 928 384
1966 928 352 960 384
1967 960 352 992 384
1968 992 352 1024 384
1969 1024 352 1056 384
1970 1056 352 1088 384
1971 1088 352 1120 384
1972 1120 352 1152 384
1973 1152 352 1184 384
1974 1184 352 1216 384
1975 1216 352 1248 384
1976 1248 352 1280 384
1977 1280 352 1312 384
1978 1312 352 1344 384
1979 1344 352 1376 384
1980 1376 352 1408 384
1981 1408 352 1440 384
1982 1440 352 1472 384
1983 1472 352 1504 384
1984 1504 352 1536 384
1985 1536 352 1568 384
1986 1568 352 1600 384
1987 1600 352 1632 384
1988 1632 352 1664 384
1989 1664 352 1696 384
1990 1696 352 1728 384
1991 1728 352 1760 384
1992 1760 352 1792 384
1993 1792 352 1824 384
1994 1824 352 1856 384
1995 1856 352 1888 384
1996 1888 352 1920 384
1997 1920 352 1952 384
1998 1952 352 1984 384
1999 1984 352 2016 384
2000 2016 352 2048 384
2001 2048 352 2080 384
2002 2080 352 2112 384
2003 2112 352 2144 384
2004 2144 352 2176 384
2005 2176 352 2208 384
2006 2208 352 2240 384
2007 2240 352 2272 384
2008 2272 352 2304 384
2009 2304 352 2336 384
2010 2336 352 2368 384
2011 2368 352 2400 384
2012 2400 352 2432 384
2013 2432 352 2464 384
2014 2464 352 2496 384
2015 2496 352 2528 384
2016 2528 352 2560 384
2017 2560 352 2592 384
2018 2592 352 2624 384
2019 2624 352 2656 384
2020 2656 352 2688 384
2021 2688 352 2720 384
2022 2720 352 2752 384
2023 2752 352 2784 384
2024 2784 352 2816 384
2025 2816 352 2848 384
2026 2848 352 2880 384
2027 2880 352 2912 384
2028 2912 352 2944 384
2029 2944 352 2976 384
2030 2976 352 3008 384
2031 3008 352 3040 384
2032 3040 352 3072 384
2033 3072 352 3104 384
2034 3104 352 3136 384
2035 3136 352 3168 384
2036 3168 352 3200 384
2037 3200 352 3232 384
2038 3232 352 3264 384
2039 3264 352 3296 384
2040 3296 352 3328 384
2041 3328 352 3360 384
2042 3360 352 3392 384
2043 3392 352 3424 384
2044 3424 352 3456 384
2045 3456 352 3488 384
2046 3488 352 3520 384
2047 3520 352 3552 384
2048 3552 352 3584 384
2049 3584 352 3616 384
2050 3616 352 3648 384
2051 3648 352 3680 384
2052 3680 352 3712 384
2053 3712 352 3744 384
2054 3744 352 3776 384
2055 3776 352 3808 384
2056 3808 352 3840 384
2057 3840 352 3872 384
2058 3872 352 3904 384
2059 3904 352 3936 384
2060 3936 352 3968 384
2061 3968 352 4000 384
2062 4000 352 4032 384
2063 4032 352 4064 384
2064 4064 352 4096 384
2065 4096 352 4128 384
2066 4128 352 4160 384
2067 4160 352 4192 384
2068 4192 352 4224 384
2069 4224 352 4256 384
2070 4256 352 4288 384
2071 4288 352 4320 384
2072 4320 352 4352 384
2073 4352 352 4384 384
2074 4384 352 4416 384
2075 4416 352 4448 384
2076 4448 352 4480 384
2077 4480 352 4512 384
2078 4512 352 4544 384
2079 4544 352 4576 384
2080 4576 352 4608 384
2081 4608 352 4640 384
2082 4640 352 4672 384
2083 4672 352 4704 384
2084 4704 352 4736 384
2085 4736 352 4768 384
2086 4768 352 4800 384
2087 4800 352 4832 384
2088 4832 352 4864 384
2089 4864 352 4896 384
2090 4896 352 4928 384
2091 4928 352 4960 384
2092 4960 352 4992 384
2093 4992 352 5024 384
2094 5024 352 5056 384
2095 5056 352 5088 384
2096 5088 352 5120 384
2097 5120 352 5152 384
2098 5152 352 5184 384
2099 5184 352 5216 384
2100 5216 352 5248 384
2101 5248 352 5280 384
2102 5280 352 5312 384
2103 5312 352 5344 384
2104 5344 352 5376 384
2105 5376 352 5408 384
2106 5408 352 5440 384
2107 5440 352 5472 384
2108 5472 352 5504 384
2109 5504 352 5536 384
2110 5536 352 5568 384
2111 5568 352 5600 384
2112 5600 352 5632 384
2113 0 384 32 416
2114 32 384 64 416
2115 64 384 96 416
2116 96 384 128 416
2117 128 384 160 416
2118 160 384 192 416
2119 192 384 224 416
2120 224 384 256 416
2121 256 384 288 416
2122 288 384 320 416
2123 320 384 352 416
2124 352 384 384 416
2125 384 384 416 416
2126 416 384 448 416
2127 448 384 480 416
2128 480 384 512 416
2129 512 384 544 416
2130 544 384 576 416
2131 576 384 608 416
2132 608 384 640 416
2133 640 384 672 416
2134 672 384 704 416
2135 704 384 736 416
2136 736 384 768 416
2137 768 384 800 416
2138 800 384 832 416
2139 832 384 864 416
2140 864 384 896 416
2141 896 384 928 416
2142 928 384 960 416
2143 960 384 992 416
2144 992 384 1024 416
2145 1024 384 1056 416
2146 1056 384 1088 416
2147 1088 384 1120 416
2148 1120 384 1152 416
2149 1152 384 1184 416
2150 1184 384 1216 416
2151 1216 384 1248 416
2152 1248 384 1280 416
2153 1280 384 1312 416
2154 1312 384 1344 416
2155 1344 384 1376 416
2156 1376 384 1408 416
2157 1408 384 1440 416
2158 1440 384 1472 416
2159 1472 384 1504 416
2160 1504 384 1536 416
2161 1536 384 1568 416
2162 1568 384 1600 416
2163 1600 384 1632 416
2164 1632 384 1664 416
2165 1664 384 1696 416
2166 1696 384 1728 416
2167 1728 384 1760 416
2168 1760 384 1792 416
2169 1792 384 1824 416
2170 1824 384 1856 416
2171 1856 384 1888 416
2172 1888 384 1920 416
2173 1920 384 1952 416
2174 1952 384 1984 416
2175 1984 384 2016 416
2176 2016 384 2048 416
2177 2048 384 2080 416
2178 2080 384 2112 416
2179 2112 384 2144 416
2180 2144 384 2176 416
2181 2176 384 2208 416
2182 2208 384 2240 416
2183 2240 384 2272 416
2184 2272 384 2304 416
2185 2304 384 2336 416
2186 2336 384 2368 416
2187 2368 384 2400 416
2188 2400 384 2432 416
2189 2432 384 2464 416
2190 2464 384 2496 416
2191 2496 384 2528 416
2192 2528 384 2560 416
2193 2560 384 2592 416
2194 2592 384 2624 416
2195 2624 384 2656 416
2196 2656 384 2688 416
2197 2688 384 2720 416
2198 2720 384 2752 416
2199 2752 384 2784 416
2200 2784 384 2816 416
2201 2816 384 2848 416
2202 2848 384 2880 416
2203 2880 384 2912 416
2204 2912 384 2944 416
2205 2944 384 2976 416
2206 2976 384 3008 416
2207 3008 384 3040 416
2208 3040 384 3072 416
2209 3072 384 3104 416
2210 3104 384 3136 416
2211 3136 384 3168 416
2212 3168 384 3200 416
2213 3200 384 3232 416
2214 3232 384 3264 416
2215 3264 384 3296 416
2216 3296 384 3328 416
2217 3328 384 3360 416
2218 3360 384 3392 416
2219 3392 384 3424 416
2220 3424 384 3456 416
2221 3456 384 3488 416
2222 3488 384 3520 416
2223 3520 384 3552 416
2224 3552 384 3584 416
2225 3584 384 3616 416
2226 3616 384 3648 416
2227 3648 384 3680 416
2228 3680 384 3712 416
2229 3712 384 3744 416
2230 3744 384 3776 416
2231 3776 384 3808 416
2232 3808 384 3840 416
2233 3840 384 3872 416
2234 3872 384 3904 416
2235 3904 384 3936 416
2236 3936 384 3968 416
2237 3968 384 4000 416
2238 4000 384 4032 416
2239 4032 384 4064 416
2240 4064 384 4096 416
2241 4096 384 4128 416
2242 4128 384 4160 416
2243 4160 384 4192 416
2244 4192 384 4224 416
2245 4224 384 4256 416
2246 4256 384 4288 416
2247 4288 384 4320 416
2248 4320 384 4352 416
2249 4352 384 4384 416
2250 4384 384 4416 416
2251 4416 384 4448 416
2252 4448 384 4480 416
2253 4480 384 4512 416
2254 4512 384 4544 416
2255 4544 384 4576 416
2256 4576 384 4608 416
2257 4608 384 4640 416
2258 4640 384 4672 416
2259 4672 384 4704 416
2260 4704 384 4736 416
2261 4736 384 4768 416
2262 4768 384 4800 416
2263 4800 384 4832 416
2264 4832 384 4864 416
2265 4864 384 4896 416
2266 4896 384 4928 416
2267 4928 384 4960 416
2268 4960 384 4992 416
2269 4992 384 5024 416
2270 5024 384 5056 416
2271 5056 384 5088 416
2272 5088 384 5120 416
2273 5120 384 5152 416
2274 5152 384 5184 416
2275 5184 384 5216 416
2276 5216 384 5248 416
2277 5248 384 5280 416
2278 5280 384 5312 416
2279 5312 384 5344 416
2280 5344 384 5376 416
2281 5376 384 5408 416
2282 5408 384 5440 416
2283 5440 384 5472 416
2284 5472 384 5504 416
2285 5504 384 5536 416
2286 5536 384 5568 416
2287 5568 384 5600 416
2288 5600 384 5632 416
2289 0 416 32 448
2290 32 416 64 448
2291 64 416 96 448
2292 96 416 128 448
2293 128 416 160 448
2294 160 416 192 448
2295 192 416 224 448
2296 224 416 256 448
2297 256 416 288 448
2298 288 416 320 448
2299 320 416 352 448
2300 352 416 384 448
2301 384 416 416 448
2302 416 416 448 448
2303 448 416 480 448
2304 480 416 512 448
2305 512 416 544 448
2306 544 416 576 448
2307 576 416 608 448
2308 608 416 640 448
2309 640 416 672 448
2310 672 416 704 448
2311 704 416 736 448
2312 736 416 768 448
2313 768 416 800 448
2314 800 416 832 448
2315 832 416 864 448
2316 864 416 896 448
2317 896 416 928 448
2318 928 416 960 448
2319 960 416 992 448
2320 992 416 1024 448
2321 1024 416 1056 448
2322 1056 416 1088 448
2323 1088 416 1120 448
2324 1120 416 1152 448
2325 1152 416 1184 448
2326 1184 416 1216 448
2327 1216 416 1248 448
2328 1248 416 1280 448
2329 1280 416 1312 448
2330 1312 416 1344 448
2331 1344 416 1376 448
2332 1376 416 1408 448
2333 1408 416 1440 448
2334 1440 416 1472 448
2335 1472 416 1504 448
2336 1504 416 1536 448
2337 1536 416 1568 448
2338 1568 416 1600 448
2339 1600 416 1632 448
2340 1632 416 1664 448
2341 1664 416 1696 448
2342 1696 416 1728 448
2343 1728 416 1760 448
2344 1760 416 1792 448
2345 1792 416 1824 448
2346 1824 416 1856 448
2347 1856 416 1888 448
2348 1888 416 1920 448
2349 1920 416 1952 448
2350 1952 416 1984 448
2351 1984 416 2016 448
2352 2016 416 2048 448
2353 2048 416 2080 448
2354 2080 416 2112 448
2355 2112 416 2144 448
2356 2144 416 2176 448
2357 2176 416 2208 448
2358 2208 416 2240 448
2359 2240 416 2272 448
2360 2272 416 2304 448
2361 2304 416 2336 448
2362 2336 416 2368 448
2363 2368 416 2400 448
2364 2400 416 2432 448
2365 2432 416 2464 448
2366 2464 416 2496 448
2367 2496 416 2528 448
2368 2528 416 2560 448
2369 2560 416 2592 448
2370 2592 416 2624 448
2371 2624 416 2656 448
2372 2656 416 2688 448
2373 2688 416 2720 448
2374 2720 416 2752 448
2375 2752 416 2784 448
2376 2784 416 2816 448
2377 2816 416 2848 448
2378 2848 416 2880 448
2379 2880 416 2912 448
2380 2912 416 2944 448
2381 2944 416 2976 448
2382 2976 416 3008 448
2383 3008 416 3040 448
2384 3040 416 3072 448
2385 3072 416 3104 448
2386 3104 416 3136 448
2387 3136 416 3168 448
2388 3168 416 3200 448
2389 3200 416 3232 448
2390 3232 416 3264 448
2391 3264 416 3296 448
2392 3296 416 3328 448
2393 3328 416 3360 448
2394 3360 416 3392 448
2395 3392 416 3424 448
2396 3424 416 3456 448
2397 3456 416 3488 448
2398 3488 416 3520 448
2399 3520 416 3552 448
2400 3552 416 3584 448
2401 3584 416 3616 448
2402 3616 416 3648 448
2403 3648 416 3680 448
2404 3680 416 3712 448
2405 3712 416 3744 448
2406 3744 416 3776 448
2407 3776 416 3808 448
2408 3808 416 3840 448
2409 3840 416 3872 448
2410 3872 416 3904 448
2411 3904 416 3936 448
2412 3936 416 3968 448
2413 3968 416 4000 448
2414 4000 416 4032 448
2415 4032 416 4064 448
2416 4064 416 4096 448
2417 4096 416 4128 448
2418 4128 416 4160 448
2419 4160 416 4192 448
2420 4192 416 4224 448
2421 4224 416 4256 448
2422 4256 416 4288 448
2423 4288 416 4320 448
2424 4320 416 4352 448
2425 4352 416 4384 448
2426 4384 416 4416 448
2427 4416 416 4448 448
2428 4448 416 4480 448
2429 4480 416 4512 448
2430 4512 416 4544 448
2431 4544 416 4576 448
2432 4576 416 4608 448
2433 4608 416 4640 448
2434 4640 416 4672 448
2435 4672 416 4704 448
2436 4704 416 4736 448
2437 4736 416 4768 448
2438 4768 416 4800 448
2439 4800 416 4832 448
2440 4832 416 4864 448
2441 4864 416 4896 448
2442 4896 416 4928 448
2443 4928 416 4960 448
2444 4960 416 4992 448
2445 4992 416 5024 448
2446 5024 416 5056 448
2447 5056 416 5088 448
2448 5088 416 5120 448
2449 5120 416 5152 448
2450 5152 416 5184 448
2451 5184 416 5216 448
2452 5216 416 5248 448
2453 5248 416 5280 448
2454 5280 416 5312 448
2455 5312 416 5344 448
2456 5344 416 5376 448
2457 5376 416 5408 448
2458 5408 416 5440 448
2459 5440 416 5472 448
2460 5472 416 5504 448
2461 5504 416 5536 448
2462 5536 416 5568 448
2463 5568 416 5600 448
2464 5600 416 5632 448
2465 0 448 32 480
2466 32 448 64 480
2467 64 448 96 480
2468 96 448 128 480
2469 128 448 160 480
2470 160 448 192 480
2471 192 448 224 480
2472 224 448 256 480
2473 256 448 288 480
2474 288 448 320 480
2475 320 448 352 480
2476 352 448 384 480
2477 384 448 416 480
2478 416 448 448 480
2479 448 448 480 480
2480 480 448 512 480
2481 512 448 544 480
2482 544 448 576 480
2483 576 448 608 480
2484 608 448 640 480
2485 640 448 672 480
2486 672 448 704 480
2487 704 448 736 480
2488 736 448 768 480
2489 768 448 800 480
2490 800 448 832 480
2491 832 448 864 480
2492 864 448 896 480
2493 896 448 928 480
2494 928 448 960 480
2495 960 448 992 480
2496 992 448 1024 480
2497 1024 448 1056 480
2498 1056 448 1088 480
2499 1088 448 1120 480
2500 1120 448 1152 480
2501 1152 448 1184 480
2502 1184 448 1216 480
2503 1216 448 1248 480
2504 1248 448 1280 480
2505 1280 448 1312 480
2506 1312 448 1344 480
2507 1344 448 1376 480
2508 1376 448 1408 480
2509 1408 448 1440 480
2510 1440 448 1472 480
2511 1472 448 1504 480
2512 1504 448 1536 480
2513 1536 448 1568 480
2514 1568 448 1600 480
2515 1600 448 1632 480
2516 1632 448 1664 480
2517 1664 448 1696 480
2518 1696 448 1728 480
2519 1728 448 1760 480
2520 1760 448 1792 480
2521 1792 448 1824 480
2522 1824 448 1856 480
2523 1856 448 1888 480
2524 1888 448 1920 480
2525 1920 448 1952 480
2526 1952 448 1984 480
2527 1984 448 2016 480
2528 2016 448 2048 480
2529 2048 448 2080 480
2530 2080 448 2112 480
2531 2112 448 2144 480
2532 2144 448 2176 480
2533 2176 448 2208 480
2534 2208 448 2240 480
2535 2240 448 2272 480
2536 2272 448 2304 480
2537 2304 448 2336 480
2538 2336 448 2368 480
2539 2368 448 2400 480
2540 2400 448 2432 480
2541 2432 448 2464 480
2542 2464 448 2496 480
2543 2496 448 2528 480
2544 2528 448 2560 480
2545 2560 448 2592 480
2546 2592 448 2624 480
2547 2624 448 2656 480
2548 2656 448 2688 480
2549 2688 448 2720 480
2550 2720 448 2752 480
2551 2752 448 2784 480
2552 2784 448 2816 480
2553 2816 448 2848 480
2554 2848 448 2880 480
2555 2880 448 2912 480
2556 2912 448 2944 480
2557 2944 448 2976 480
2558 2976 448 3008 480
2559 3008 448 3040 480
2560 3040 448 3072 480
2561 3072 448 3104 480
2562 3104 448 3136 480
2563 3136 448 3168 480
2564 3168 448 3200 480
2565 3200 448 3232 480
2566 3232 448 3264 480
2567 3264 448 3296 480
2568 3296 448 3328 480
2569 3328 448 3360 480
2570 3360 448 3392 480
2571 3392 448 3424 480
2572 3424 448 3456 480
2573 3456 448 3488 480
2574 3488 448 3520 480
2575 3520 448 3552 480
2576 3552 448 3584 480
2577 3584 448 3616 480
2578 3616 448 3648 480
2579 3648 448 3680 480
2580 3680 448 3712 480
2581 3712 448 3744 480
2582 3744 448 3776 480
2583 3776 448 3808 480
2584 3808 448 3840 480
2585 3840 448 3872 480
2586 3872 448 3904 480
2587 3904 448 3936 480
2588 3936 448 3968 480
2589 3968 448 4000 480
2590 4000 448 4032 480
2591 4032 448 4064 480
2592 4064 448 4096 480
2593 4096 448 4128 480
2594 4128 448 4160 480
2595 4160 448 4192 480
2596 4192 448 4224 480
2597 4224 448 4256 480
2598 4256 448 4288 480
2599 4288 448 4320 480
2600 4320 448 4352 480
2601 4352 448 4384 480
2602 4384 448 4416 480
2603 4416 448 4448 480
2604 4448 448 4480 480
2605 4480 448 4512 480
2606 4512 448 4544 480
2607 4544 448 4576 480
2608 4576 448 4608 480
2609 4608 448 4640 480
2610 4640 448 4672 480
2611 4672 448 4704 480
2612 4704 448 4736 480
2613 4736 448 4768 480
2614 4768 448 4800 480
2615 4800 448 4832 480
2616 4832 448 4864 480
2617 4864 448 4896 480
2618 4896 448 4928 480
2619 4928 448 4960 480
2620 4960 448 4992 480
2621 4992 448 5024 480
2622 5024 448 5056 480
2623 5056 448 5088 480
2624 5088 448 5120 480
2625 5120 448 5152 480
2626 5152 448 5184 480
2627 5184 448 5216 480
2628 5216 448 5248 480
2629 5248 448 5280 480
2630 5280 448 5312 480
2631 5312 448 5344 480
2632 5344 448 5376 480
2633 5376 448 5408 480
2634 5408 448 5440 480
2635 5440 448 5472 480
2636 5472 448 5504 480
2637 5504 448 5536 480
2638 5536 448 5568 480
2639 5568 448 5600 480
2640 5600 448 5632 480
2641 0 480 32 512
2642 32 480 64 512
2643 64 480 96 512
2644 96 480 128 512
2645 128 480 160 512
2646 160 480 192 512
2647 192 480 224 512
2648 224 480 256 512
2649 256 480 288 512
2650 288 480 320 512
2651 320 480 352 512
2652 352 480 384 512
2653 384 480 416 512
2654 416 480 448 512
2655 448 480 480 512
2656 480 480 512 512
2657 512 480 544 512
2658 544 480 576 512
2659 576 480 608 512
2660 608 480 640 512
2661 640 480 672 512
2662 672 480 704 512
2663 704 480 736 512
2664 736 480 768 512
2665 768 480 800 512
2666 800 480 832 512
2667 832 480 864 512
2668 864 480 896 512
2669 896 480 928 512
2670 928 480 960 512
2671 960 480 992 512
2672 992 480 1024 512
2673 1024 480 1056 512
2674 1056 480 1088 512
2675 1088 480 1120 512
2676 1120 480 1152 512
2677 1152 480 1184 512
2678 1184 480 1216 512
2679 1216 480 1248 512
2680 1248 480 1280 512
2681 1280 480 1312 512
2682 1312 480 1344 512
2683 1344 480 1376 512
2684 1376 480 1408 512
2685 1408 480 1440 512
2686 1440 480 1472 512
2687 1472 480 1504 512
2688 1504 480 1536 512
2689 1536 480 1568 512
2690 1568 480 1600 512
2691 1600 480 1632 512
2692 1632 480 1664 512
2693 1664 480 1696 512
2694 1696 480 1728 512
2695 1728 480 1760 512
2696 1760 480 1792 512
2697 1792 480 1824 512
2698 1824 480 1856 512
2699 1856 480 1888 512
2700 1888 480 1920 512
2701 1920 480 1952 512
2702 1952 480 1984 512
2703 1984 480 2016 512
2704 2016 480 2048 512
2705 2048 480 2080 512
2706 2080 480 2112 512
2707 2112 480 2144 512
2708 2144 480 2176 512
2709 2176 480 2208 512
2710 2208 480 2240 512
2711 2240 480 2272 512
2712 2272 480 2304 512
2713 2304 480 2336 512
2714 2336 480 2368 512
2715 2368 480 2400 512
2716 2400 480 2432 512
2717 2432 480 2464 512
2718 2464 480 2496 512
2719 2496 480 2528 512
2720 2528 480 2560 512
2721 2560 480 2592 512
2722 2592 480 2624 512
2723 2624 480 2656 512
2724 2656 480 2688 512
2725 2688 480 2720 512
2726 2720 480 2752 512
2727 2752 480 2784 512
2728 2784 480 2816 512
2729 2816 480 2848 512
2730 2848 480 2880 512
2731 2880 480 2912 512
2732 2912 480 2944 512
2733 2944 480 2976 512
2734 2976 480 3008 512
2735 3008 480 3040 512
2736 3040 480 3072 512
2737 3072 480 3104 512
2738 3104 480 3136 512
2739 3136 480 3168 512
2740 3168 480 3200 512
2741 3200 480 3232 512
2742 3232 480 3264 512
2743 3264 480 3296 512
2744 3296 480 3328 512
2745 3328 480 3360 512
2746 3360 480 3392 512
2747 3392 480 3424 512
2748 3424 480 3456 512
2749 3456 480 3488 512
2750 3488 480 3520 512
2751 3520 480 3552 512
2752 3552 480 3584 512
2753 3584 480 3616 512
2754 3616 480 3648 512
2755 3648 480 3680 512
2756 3680 480 3712 512
2757 3712 480 3744 512
2758 3744 480 3776 512
2759 3776 480 3808 512
2760 3808 480 3840 512
2761 3840 480 3872 512
2762 3872 480 3904 512
2763 3904 480 3936 512
2764 3936 480 3968 512
2765 3968 480 4000 512
2766 4000 480 4032 512
2767 4032 480 4064 512
2768 4064 480 4096 512
2769 4096 480 4128 512
2770 4128 480 4160 512
2771 4160 480 4192 512
2772 4192 480 4224 512
2773 4224 480 4256 512
2774 4256 480 4288 512
2775 4288 480 4320 512
2776 4320 480 4352 512
2777 4352 480 4384 512
2778 4384 480 4416 512
2779 4416 480 4448 512
2780 4448 480 4480 512
2781 4480 480 4512 512
2782 4512 480 4544 512
2783 4544 480 4576 512
2784 4576 480 4608 512
2785 4608 480 4640 512
2786 4640 480 4672 512
2787 4672 480 4704 512
2788 4704 480 4736 512
2789 4736 480 4768 512
2790 4768 480 4800 512
2791 4800 480 4832 512
2792 4832 480 4864 512
2793 4864 480 4896 512
2794 4896 480 4928 512
2795 4928 480 4960 512
2796 4960 480 4992 512
2797 4992 480 5024 512
2798 5024 480 5056 512
2799 5056 480 5088 512
2800 5088 480 5120 512
2801 5120 480 5152 512
2802 5152 480 5184 512
2803 5184 480 5216 512
2804 5216 480 5248 512
2805 5248 480 5280 512
2806 5280 480 5312 512
2807 5312 480 5344 512
2808 5344 480 5376 512
2809 5376 480 5408 512
2810 5408 480 5440 512
2811 5440 480 5472 512
2812 5472 480 5504 512
2813 5504 480 5536 512
2814 5536 480 5568 512
2815 5568 480 5600 512
2816 5600 480 5632 512
2817 0 512 32 544
2818 32 512 64 544
2819 64 512 96 544
2820 96 512 128 544
2821 128 512 160 544
2822 160 512 192 544
2823 192 512 224 544
2824 224 512 256 544
2825 256 512 288 544
2826 288 512 320 544
2827 320 512 352 544
2828 352 512 384 544
2829 384 512 416 544
2830 416 512 448 544
2831 448 512 480 544
2832 480 512 512 544
2833 512 512 544 544
2834 544 512 576 544
2835 576 512 608 544
2836 608 512 640 544
2837 640 512 672 544
2838 672 512 704 544
2839 704 512 736 544
2840 736 512 768 544
2841 768 512 800 544
2842 800 512 832 544
2843 832 512 864 544
2844 864 512 896 544
2845 896 512 928 544
2846 928 512 960 544
2847 960 512 992 544
2848 992 512 1024 544
2849 1024 512 1056 544
2850 1056 512 1088 544
2851 1088 512 1120 544
2852 1120 512 1152 544
2853 1152 512 1184 544
2854 1184 512 1216 544
2855 1216 512 1248 544
2856 1248 512 1280 544
2857 1280 512 1312 544
2858 1312 512 1344 544
2859 1344 512 1376 544
2860 1376 512 1408 544
2861 1408 512 1440 544
2862 1440 512 1472 544
2863 1472 512 1504 544
2864 1504 512 1536 544
2865 1536 512 1568 544
2866 1568 512 1600 544
2867 1600 512 1632 544
2868 1632 512 1664 544
2869 1664 512 1696 544
2870 1696 512 1728 544
2871 1728 512 1760 544
2872 1760 512 1792 544
2873 1792 512 1824 544
2874 1824 512 1856 544
2875 1856 512 1888 544
2876 1888 512 1920 544
2877 1920 512 1952 544
2878 1952 512 1984 544
2879 1984 512 2016 544
2880 2016 512 2048 544
2881 2048 512 2080 544
2882 2080 512 2112 544
2883 2112 512 2144 544
2884 2144 512 2176 544
2885 2176 512 2208 544
2886 2208 512 2240 544
2887 2240 512 2272 544
2888 2272 512 2304 544
2889 2304 512 2336 544
2890 2336 512 2368 544
2891 2368 512 2400 544
2892 2400 512 2432 544
2893 2432 512 2464 544
2894 2464 512 2496 544
2895 2496 512 2528 544
2896 2528 512 2560 544
2897 2560 512 2592 544
2898 2592 512 2624 544
2899 2624 512 2656 544
2900 2656 512 2688 544
2901 2688 512 2720 544
2902 2720 512 2752 544
2903 2752 512 2784 544
2904 2784 512 2816 544
2905 2816 512 2848 544
2906 2848 512 2880 544
2907 2880 512 2912 544
2908 2912 512 2944 544
2909 2944 512 2976 544
2910 2976 512 3008 544
2911 3008 512 3040 544
2912 3040 512 3072 544
2913 3072 512 3104 544
2914 3104 512 3136 544
2915 3136 512 3168 544
2916 3168 512 3200 544
2917 3200 512 3232 544
2918 3232 512 3264 544
2919 3264 512 3296 544
2920 3296 512 3328 544
2921 3328 512 3360 544
2922 3360 512 3392 544
2923 3392 512 3424 544
2924 3424 512 3456 544
2925 3456 512 3488 544
2926 3488 512 3520 544
2927 3520 512 3552 544
2928 3552 512 3584 544
2929 3584 512 3616 544
2930 3616 512 3648 544
2931 3648 512 3680 544
2932 3680 512 3712 544
2933 3712 512 3744 544
2934 3744 512 3776 544
2935 3776 512 3808 544
2936 3808 512 3840 544
2937 3840 512 3872 544
2938 3872 512 3904 544
2939 3904 512 3936 544
2940 3936 512 3968 544
2941 3968 512 4000 544
2942 4000 512 4032 544
2943 4032 512 4064 544
2944 4064 512 4096 544
2945 4096 512 4128 544
2946 4128 512 4160 544
2947 4160 512 4192 544
2948 4192 512 4224 544
2949 4224 512 4256 544
2950 4256 512 4288 544
2951 4288 512 4320 544
2952 4320 512 4352 544
2953 4352 512 4384 544
2954 4384 512 4416 544
2955 4416 512 4448 544
2956 4448 512 4480 544
2957 4480 512 4512 544
2958 4512 512 4544 544
2959 4544 512 4576 544
2960 4576 512 4608 544
2961 4608 512 4640 544
2962 4640 512 4672 544
2963 4672 512 4704 544
2964 4704 512 4736 544
2965 4736 512 4768 544
2966 4768 512 4800 544
2967 4800 512 4832 544
2968 4832 512 4864 544
2969 4864 512 4896 544
2970 4896 512 4928 544
2971 4928 512 4960 544
2972 4960 512 4992 544
2973 4992 512 5024 544
2974 5024 512 5056 544
2975 5056 512 5088 544
2976 5088 512 5120 544
2977 5120 512 5152 544
2978 5152 512 5184 544
2979 5184 512 5216 544
2980 5216 512 5248 544
2981 5248 512 5280 544
2982 5280 512 5312 544
2983 5312 512 5344 544
2984 5344 512 5376 544
2985 5376 512 5408 544
2986 5408 512 5440 544
2987 5440 512 5472 544
2988 5472 512 5504 544
2989 5504 512 5536 544
2990 5536 512 5568 544
2991 5568 512 5600 544
2992 5600 512 5632 544
2993 0 544 32 576
2994 32 544 64 576
2995 64 544 96 576
2996 96 544 128 576
2997 128 544 160 576
2998 160 544 192 576
2999 192 544 224 576
3000 224 544 256 576
3001 256 544 288 576
3002 288 544 320 576
3003 320 544 352 576
3004 352 544 384 576
3005 384 544 416 576
3006 416 544 448 576
3007 448 544 480 576
3008 480 544 512 576
3009 512 544 544 576
3010 544 544 576 576
3011 576 544 608 576
3012 608 544 640 576
3013 640 544 672 576
3014 672 544 704 576
3015 704 544 736 576
3016 736 544 768 576
3017 768 544 800 576
3018 800 544 832 576
3019 832 544 864 576
3020 864 544 896 576
3021 896 544 928 576
3022 928 544 960 576
3023 960 544 992 576
3024 992 544 1024 576
3025 1024 544 1056 576
3026 1056 544 1088 576
3027 1088 544 1120 576
3028 1120 544 1152 576
3029 1152 544 1184 576
3030 1184 544 1216 576
3031 1216 544 1248 576
3032 1248 544 1280 576
3033 1280 544 1312 576
3034 1312 544 1344 576
3035 1344 544 1376 576
3036 1376 544 1408 576
3037 1408 544 1440 576
3038 1440 544 1472 576
3039 1472 544 1504 576
3040 1504 544 1536 576
3041 1536 544 1568 576
3042 1568 544 1600 576
3043 1600 544 1632 576
3044 1632 544 1664 576
3045 1664 544 1696 576
3046 1696 544 1728 576
3047 1728 544 1760 576
3048 1760 544 1792 576
3049 1792 544 1824 576
3050 1824 544 1856 576
3051 1856 544 1888 576
3052 1888 544 1920 576
3053 1920 544 1952 576
3054 1952 544 1984 576
3055 1984 544 2016 576
3056 2016 544 2048 576
3057 2048 544 2080 576
3058 2080 544 2112 576
3059 2112 544 2144 576
3060 2144 544 2176 576
3061 2176 544 2208 576
3062 2208 544 2240 576
3063 2240 544 2272 576
3064 2272 544 2304 576
3065 2304 544 2336 576
3066 2336 544 2368 576
3067 2368 544 2400 576
3068 2400 544 2432 576
3069 2432 544 2464 576
3070 2464 544 2496 576
3071 2496 544 2528 576
3072 2528 544 2560 576
3073 2560 544 2592 576
3074 2592 544 2624 576
3075 2624 544 2656 576
3076 2656 544 2688 576
3077 2688 544 2720 576
3078 2720 544 2752 576
3079 2752 544 2784 576
3080 2784 544 2816 576
3081 2816 544 2848 576
3082 2848 544 2880 576
3083 2880 544 2912 576
3084 2912 544 2944 576
3085 2944 544 2976 576
3086 2976 544 3008 576
3087 3008 544 3040 576
3088 3040 544 3072 576
3089 3072 544 3104 576
3090 3104 544 3136 576
3091 3136 544 3168 576
3092 3168 544 3200 576
3093 3200 544 3232 576
3094 3232 544 3264 576
3095 3264 544 3296 576
3096 3296 544 3328 576
3097 3328 544 3360 576
3098 3360 544 3392 576
3099 3392 544 3424 576
3100 3424 544 3456 576
3101 3456 544 3488 576
3102 3488 544 3520 576
3103 3520 544 3552 576
3104 3552 544 3584 576
3105 3584 544 3616 576
3106 3616 544 3648 576
3107 3648 544 3680 576
3108 3680 544 3712 576
3109 3712 544 3744 576
3110 3744 544 3776 576
3111 3776 544 3808 576
3112 3808 544 3840 576
3113 3840 544 3872 576
3114 3872 544 3904 576
3115 3904 544 3936 576
3116 3936 544 3968 576
3117 3968 544 4000 576
3118 4000 544 4032 576
3119 4032 544 4064 576
3120 4064 544 4096 576
3121 4096 544 4128 576
3122 4128 544 4160 576
3123 4160 544 4192 576
3124 4192 544 4224 576
3125 4224 544 4256 576
3126 4256 544 4288 576
3127 4288 544 4320 576
3128 4320 544 4352 576
3129 4352 544 4384 576
3130 4384 544 4416 576
3131 4416 544 4448 576
3132 4448 544 4480 576
3133 4480 544 4512 576
3134 4512 544 4544 576
3135 4544 544 4576 576
3136 4576 544 4608 576
3137 4608 544 4640 576
3138 4640 544 4672 576
3139 4672 544 4704 576
3140 4704 544 4736 576
3141 4736 544 4768 576
3142 4768 544 4800 576
3143 4800 544 4832 576
3144 4832 544 4864 576
3145 4864 544 4896 576
3146 4896 544 4928 576
3147 4928 544 4960 576
3148 4960 544 4992 576
3149 4992 544 5024 576
3150 5024 544 5056 576
3151 5056 544 5088 576
3152 5088 544 5120 576
3153 5120 544 5152 576
3154 5152 544 5184 576
3155 5184 544 5216 576
3156 5216 544 5248 576
3157 5248 544 5280 576
3158 5280 544 5312 576
3159 5312 544 5344 576
3160 5344 544 5376 576
3161 5376 544 5408 576
3162 5408 544 5440 576
3163 5440 544 5472 576
3164 5472 544 5504 576
3165 5504 544 5536 576
3166 5536 544 5568 576
3167 5568 544 5600 576
3168 5600 544 5632 576
3169 0 576 32 608
3170 32 576 64 608
3171 64 576 96 608
3172 96 576 128 608
3173 128 576 160 608
3174 160 576 192 608
3175 192 576 224 608
3176 224 576 256 608
3177 256 576 288 608
3178 288 576 320 608
3179 320 576 352 608
3180 352 576 384 608
3181 384 576 416 608
3182 416 576 448 608
3183 448 576 480 608
3184 480 576 512 608
3185 512 576 544 608
3186 544 576 576 608
3187 576 576 608 608
3188 608 576 640 608
3189 640 576 672 608
3190 672 576 704 608
3191 704 576 736 608
3192 736 576 768 608
3193 768 576 800 608
3194 800 576 832 608
3195 832 576 864 608
3196 864 576 896 608
3197 896 576 928 608
3198 928 576 960 608
3199 960 576 992 608
3200 992 576 1024 608
3201 1024 576 1056 608
3202 1056 576 1088 608
3203 1088 576 1120 608
3204 1120 576 1152 608
3205 1152 576 1184 608
3206 1184 576 1216 608
3207 1216 576 1248 608
3208 1248 576 1280 608
3209 1280 576 1312 608
3210 1312 576 1344 608
3211 1344 576 1376 608
3212 1376 576 1408 608
3213 1408 576 1440 608
3214 1440 576 1472 608
3215 1472 576 1504 608
3216 1504 576 1536 608
3217 1536 576 1568 608
3218 1568 576 1600 608
3219 1600 576 1632 608
3220 1632 576 1664 608
3221 1664 576 1696 608
3222 1696 576 1728 608
3223 1728 576 1760 608
3224 1760 576 1792 608
3225 1792 576 1824 608
3226 1824 576 1856 608
3227 1856 576 1888 608
3228 1888 576 1920 608
3229 1920 576 1952 608
3230 1952 576 1984 608
3231 1984 576 2016 608
3232 2016 576 2048 608
3233 2048 576 2080 608
3234 2080 576 2112 608
3235 2112 576 2144 608
3236 2144 576 2176 608
3237 2176 576 2208 608
3238 2208 576 2240 608
3239 2240 576 2272 608
3240 2272 576 2304 608
3241 2304 576 2336 608
3242 2336 576 2368 608
3243 2368 576 2400 608
3244 2400 576 2432 608
3245 2432 576 2464 608
3246 2464 576 2496 608
3247 2496 576 2528 608
3248 2528 576 2560 608
3249 2560 576 2592 608
3250 2592 576 2624 608
3251 2624 576 2656 608
3252 2656 576 2688 608
3253 2688 576 2720 608
3254 2720 576 2752 608
3255 2752 576 2784 608
3256 2784 576 2816 608
3257 2816 576 2848 608
3258 2848 576 2880 608
3259 2880 576 2912 608
3260 2912 576 2944 608
3261 2944 576 2976 608
3262 2976 576 3008 608
3263 3008 576 3040 608
3264 3040 576 3072 608
3265 3072 576 3104 608
3266 3104 576 3136 608
3267 3136 576 3168 608
3268 3168 576 3200 608
3269 3200 576 3232 608
3270 3232 576 3264 608
3271 3264 576 3296 608
3272 3296 576 3328 608
3273 3328 576 3360 608
3274 3360 576 3392 608
3275 3392 576 3424 608
3276 3424 576 3456 608
3277 3456 576 3488 608
3278 3488 576 3520 608
3279 3520 576 3552 608
3280 3552 576 3584 608
3281 3584 576 3616 608
3282 3616 576 3648 608
3283 3648 576 3680 608
3284 3680 576 3712 608
3285 3712 576 3744 608
3286 3744 576 3776 608
3287 3776 576 3808 608
3288 3808 576 3840 608
3289 3840 576 3872 608
3290 3872 576 3904 608
3291 3904 576 3936 608
3292 3936 576 3968 608
3293 3968 576 4000 608
3294 4000 576 4032 608
3295 4032 576 4064 608
3296 4064 576 4096 608
3297 4096 576 4128 608
3298 4128 576 4160 608
3299 4160 576 4192 608
3300 4192 576 4224 608
3301 4224 576 4256 608
3302 4256 576 4288 608
3303 4288 576 4320 608
3304 4320 576 4352 608
3305 4352 576 4384 608
3306 4384 576 4416 608
3307 4416 576 4448 608
3308 4448 576 4480 608
3309 4480 576 4512 608
3310 4512 576 4544 608
3311 4544 576 4576 608
3312 4576 576 4608 608
3313 4608 576 4640 608
3314 4640 576 4672 608
3315 4672 576 4704 608
3316 4704 576 4736 608
3317 4736 576 4768 608
3318 4768 576 4800 608
3319 4800 576 4832 608
3320 4832 576 4864 608
3321 4864 576 4896 608
3322 4896 576 4928 608
3323 4928 576 4960 608
3324 4960 576 4992 608
3325 4992 576 5024 608
3326 5024 576 5056 608
3327 5056 576 5088 608
3328 5088 576 5120 608
3329 5120 576 5152 608
3330 5152 576 5184 608
3331 5184 576 5216 608
3332 5216 576 5248 608
3333 5248 576 5280 608
3334 5280 576 5312 608
3335 5312 576 5344 608
3336 5344 576 5376 608
3337 5376 576 5408 608
3338 5408 576 5440 608
3339 5440 576 5472 608
3340 5472 576 5504 608
3341 5504 576 5536 608
3342 5536 576 5568 608
3343 5568 576 5600 608
3344 5600 576 5632 608
3345 0 608 32 640
3346 32 608 64 640
3347 64 608 96 640
3348 96 608 128 640
3349 128 608 160 640
3350 160 608 192 640
3351 192 608 224 640
3352 224 608 256 640
3353 256 608 288 640
3354 288 608 320 640
3355 320 608 352 640
3356 352 608 384 640
3357 384 608 416 640
3358 416 608 448 640
3359 448 608 480 640
3360 480 608 512 640
3361 512 608 544 640
3362 544 608 576 640
3363 576 608 608 640
3364 608 608 640 640
3365 640 608 672 640
3366 672 608 704 640
3367 704 608 736 640
3368 736 608 768 640
3369 768 608 800 640
3370 800 608 832 640
3371 832 608 864 640
3372 864 608 896 640
3373 896 608 928 640
3374 928 608 960 640
3375 960 608 992 640
3376 992 608 1024 640
3377 1024 608 1056 640
3378 1056 608 1088 640
3379 1088 608 1120 640
3380 1120 608 1152 640
3381 1152 608 1184 640
3382 1184 608 1216 640
3383 1216 608 1248 640
3384 1248 608 1280 640
3385 1280 608 1312 640
3386 1312 608 1344 640
3387 1344 608 1376 640
3388 1376 608 1408 640
3389 1408 608 1440 640
3390 1440 608 1472 640
3391 1472 608 1504 640
3392 1504 608 1536 640
3393 1536 608 1568 640
3394 1568 608 1600 640
3395 1600 608 1632 640
3396 1632 608 1664 640
3397 1664 608 1696 640
3398 1696 608 1728 640
3399 1728 608 1760 640
3400 1760 608 1792 640
3401 1792 608 1824 640
3402 1824 608 1856 640
3403 1856 608 1888 640
3404 1888 608 1920 640
3405 1920 608 1952 640
3406 1952 608 1984 640
3407 1984 608 2016 640
3408 2016 608 2048 640
3409 2048 608 2080 640
3410 2080 608 2112 640
3411 2112 608 2144 640
3412 2144 608 2176 640
3413 2176 608 2208 640
3414 2208 608 2240 640
3415 2240 608 2272 640
3416 2272 608 2304 640
3417 2304 608 2336 640
3418 2336 608 2368 640
3419 2368 608 2400 640
3420 2400 608 2432 640
3421 2432 608 2464 640
3422 2464 608 2496 640
3423 2496 608 2528 640
3424 2528 608 2560 640
3425 2560 608 2592 640
3426 2592 608 2624 640
3427 2624 608 2656 640
3428 2656 608 2688 640
3429 2688 608 2720 640
3430 2720 608 2752 640
3431 2752 608 2784 640
3432 2784 608 2816 640
3433 2816 608 2848 640
3434 2848 608 2880 640
3435 2880 608 2912 640
3436 2912 608 2944 640
3437 2944 608 2976 640
3438 2976 608 3008 640
3439 3008 608 3040 640
3440 3040 608 3072 640
3441 3072 608 3104 640
3442 3104 608 3136 640
3443 3136 608 3168 640
3444 3168 608 3200 640
3445 3200 608 3232 640
3446 3232 608 3264 640
3447 3264 608 3296 640
3448 3296 608 3328 640
3449 3328 608 3360 640
3450 3360 608 3392 640
3451 3392 608 3424 640
3452 3424 608 3456 640
3453 3456 608 3488 640
3454 3488 608 3520 640
3455 3520 608 3552 640
3456 3552 608 3584 640
3457 3584 608 3616 640
3458 3616 608 3648 640
3459 3648 608 3680 640
3460 3680 608 3712 640
3461 3712 608 3744 640
3462 3744 608 3776 640
3463 3776 608 3808 640
3464 3808 608 3840 640
3465 3840 608 3872 640
3466 3872 608 3904 640
3467 3904 608 3936 640
3468 3936 608 3968 640
3469 3968 608 4000 640
3470 4000 608 4032 640
3471 4032 608 4064 640
3472 4064 608 4096 640
3473 4096 608 4128 640
3474 4128 608 4160 640
3475 4160 608 4192 640
3476 4192 608 4224 640
3477 4224 608 4256 640
3478 4256 608 4288 640
3479 4288 608 4320 640
3480 4320 608 4352 640
3481 4352 608 4384 640
3482 4384 608 4416 640
3483 4416 608 4448 640
3484 4448 608 4480 640
3485 4480 608 4512 640
3486 4512 608 4544 640
3487 4544 608 4576 640
3488 4576 608 4608 640
3489 4608 608 4640 640
3490 4640 608 4672 640
3491 4672 608 4704 640
3492 4704 608 4736 640
3493 4736 608 4768 640
3494 4768 608 4800 640
3495 4800 608 4832 640
3496 4832 608 4864 640
3497 4864 608 4896 640
3498 4896 608 4928 640
3499 4928 608 4960 640
3500 4960 608 4992 640
3501 4992 608 5024 640
3502 5024 608 5056 640
3503 5056 608 5088 640
3504 5088 608 5120 640
3505 5120 608 5152 640
3506 5152 608 5184 640
3507 5184 608 5216 640
3508 5216 608 5248 640
3509 5248 608 5280 640
3510 5280 608 5312 640
3511 5312 608 5344 640
3512 5344 608 5376 640
3513 5376 608 5408 640
3514 5408 608 5440 640
3515 5440 608 5472 640
3516 5472 608 5504 640
3517 5504 608 5536 640
3518 5536 608 5568 640
3519 5568 608 5600 640
3520 5600 608 5632 640
3521 0 640 32 672
3522 32 640 64 672
3523 64 640 96 672
3524 96 640 128 672
3525 128 640 160 672
3526 160 640 192 672
3527 192 640 224 672
3528 224 640 256 672
3529 256 640 288 672
3530 288 640 320 672
3531 320 640 352 672
3532 352 640 384 672
3533 384 640 416 672
3534 416 640 448 672
3535 448 640 480 672
3536 480 640 512 672
3537 512 640 544 672
3538 544 640 576 672
3539 576 640 608 672
3540 608 640 640 672
3541 640 640 672 672
3542 672 640 704 672
3543 704 640 736 672
3544 736 640 768 672
3545 768 640 800 672
3546 800 640 832 672
3547 832 640 864 672
3548 864 640 896 672
3549 896 640 928 672
3550 928 640 960 672
3551 960 640 992 672
3552 992 640 1024 672
3553 1024 640 1056 672
3554 1056 640 1088 672
3555 1088 640 1120 672
3556 1120 640 1152 672
3557 1152 640 1184 672
3558 1184 640 1216 672
3559 1216 640 1248 672
3560 1248 640 1280 672
3561 1280 640 1312 672
3562 1312 640 1344 672
3563 1344 640 1376 672
3564 1376 640 1408 672
3565 1408 640 1440 672
3566 1440 640 1472 672
3567 1472 640 1504 672
3568 1504 640 1536 672
3569 1536 640 1568 672
3570 1568 640 1600 672
3571 1600 640 1632 672
3572 1632 640 1664 672
3573 1664 640 1696 672
3574 1696 640 1728 672
3575 1728 640 1760 672
3576 1760 640 1792 672
3577 1792 640 1824 672
3578 1824 640 1856 672
3579 1856 640 1888 672
3580 1888 640 1920 672
3581 1920 640 1952 672
3582 1952 640 1984 672
3583 1984 640 2016 672
3584 2016 640 2048 672
3585 2048 640 2080 672
3586 2080 640 2112 672
3587 2112 640 2144 672
3588 2144 640 2176 672
3589 2176 640 2208 672
3590 2208 640 2240 672
3591 2240 640 2272 672
3592 2272 640 2304 672
3593 2304 640 2336 672
3594 2336 640 2368 672
3595 2368 640 2400 672
3596 2400 640 2432 672
3597 2432 640 2464 672
3598 2464 640 2496 672
3599 2496 640 2528 672
3600 2528 640 2560 672
3601 2560 640 2592 672
3602 2592 640 2624 672
3603 2624 640 2656 672
3604 2656 640 2688 672
3605 2688 640 2720 672
3606 2720 640 2752 672
3607 2752 640 2784 672
3608 2784 640 2816 672
3609 2816 640 2848 672
3610 2848 640 2880 672
3611 2880 640 2912 672
3612 2912 640 2944 672
3613 2944 640 2976 672
3614 2976 640 3008 672
3615 3008 640 3040 672
3616 3040 640 3072 672
3617 3072 640 3104 672
3618 3104 640 3136 672
3619 3136 640 3168 672
3620 3168 640 3200 672
3621 3200 640 3232 672
3622 3232 640 3264 672
3623 3264 640 3296 672
3624 3296 640 3328 672
3625 3328 640 3360 672
3626 3360 640 3392 672
3627 3392 640 3424 672
3628 3424 640 3456 672
3629 3456 640 3488 672
3630 3488 640 3520 672
3631 3520 640 3552 672
3632 3552 640 3584 672
3633 3584 640 3616 672
3634 3616 640 3648 672
3635 3648 640 3680 672
3636 3680 640 3712 672
3637 3712 640 3744 672
3638 3744 640 3776 672
3639 3776 640 3808 672
3640 3808 640 3840 672
3641 3840 640 3872 672
3642 3872 640 3904 672
3643 3904 640 3936 672
3644 3936 640 3968 672
3645 3968 640 4000 672
3646 4000 640 4032 672
3647 4032 640 4064 672
3648 4064 640 4096 672
3649 4096 640 4128 672
3650 4128 640 4160 672
3651 4160 640 4192 672
3652 4192 640 4224 672
3653 4224 640 4256 672
3654 4256 640 4288 672
3655 4288 640 4320 672
3656 4320 640 4352 672
3657 4352 640 4384 672
3658 4384 640 4416 672
3659 4416 640 4448 672
3660 4448 640 4480 672
3661 4480 640 4512 672
3662 4512 640 4544 672
3663 4544 640 4576 672
3664 4576 640 4608 672
3665 4608 640 4640 672
3666 4640 640 4672 672
3667 4672 640 4704 672
3668 4704 640 4736 672
3669 4736 640 4768 672
3670 4768 640 4800 672
3671 4800 640 4832 672
3672 4832 640 4864 672
3673 4864 640 4896 672
3674 4896 640 4928 672
3675 4928 640 4960 672
3676 4960 640 4992 672
3677 4992 640 5024 672
3678 5024 640 5056 672
3679 5056 640 5088 672
3680 5088 640 5120 672
3681 5120 640 5152 672
3682 5152 640 5184 672
3683 5184 640 5216 672
3684 5216 640 5248 672
3685 5248 640 5280 672
3686 5280 640 5312 672
3687 5312 640 5344 672
3688 5344 640 5376 672
3689 5376 640 5408 672
3690 5408 640 5440 672
3691 5440 640 5472 672
3692 5472 640 5504 672
3693 5504 640 5536 672
3694 5536 640 5568 672
3695 5568 640 5600 672
3696 5600 640 5632 672
3697 0 672 32 704
3698 32 672 64 704
3699 64 672 96 704
3700 96 672 128 704
3701 128 672 160 704
3702 160 672 192 704
3703 192 672 224 704
3704 224 672 256 704
3705 256 672 288 704
3706 288 672 320 704
3707 320 672 352 704
3708 352 672 384 704
3709 384 672 416 704
3710 416 672 448 704
3711 448 672 480 704
3712 480 672 512 704
3713 512 672 544 704
3714 544 672 576 704
3715 576 672 608 704
3716 608 672 640 704
3717 640 672 672 704
3718 672 672 704 704
3719 704 672 736 704
3720 736 672 768 704
3721 768 672 800 704
3722 800 672 832 704
3723 832 672 864 704
3724 864 672 896 704
3725 896 672 928 704
3726 928 672 960 704
3727 960 672 992 704
3728 992 672 1024 704
3729 1024 672 1056 704
3730 1056 672 1088 704
3731 1088 672 1120 704
3732 1120 672 1152 704
3733 1152 672 1184 704
3734 1184 672 1216 704
3735 1216 672 1248 704
3736 1248 672 1280 704
3737 1280 672 1312 704
3738 1312 672 1344 704
3739 1344 672 1376 704
3740 1376 672 1408 704
3741 1408 672 1440 704
3742 1440 672 1472 704
3743 1472 672 1504 704
3744 1504 672 1536 704
3745 1536 672 1568 704
3746 1568 672 1600 704
3747 1600 672 1632 704
3748 1632 672 1664 704
3749 1664 672 1696 704
3750 1696 672 1728 704
3751 1728 672 1760 704
3752 1760 672 1792 704
3753 1792 672 1824 704
3754 1824 672 1856 704
3755 1856 672 1888 704
3756 1888 672 1920 704
3757 1920 672 1952 704
3758 1952 672 1984 704
3759 1984 672 2016 704
3760 2016 672 2048 704
3761 2048 672 2080 704
3762 2080 672 2112 704
3763 2112 672 2144 704
3764 2144 672 2176 704
3765 2176 672 2208 704
3766 2208 672 2240 704
3767 2240 672 2272 704
3768 2272 672 2304 704
3769 2304 672 2336 704
3770 2336 672 2368 704
3771 2368 672 2400 704
3772 2400 672 2432 704
3773 2432 672 2464 704
3774 2464 672 2496 704
3775 2496 672 2528 704
3776 2528 672 2560 704
3777 2560 672 2592 704
3778 2592 672 2624 704
3779 2624 672 2656 704
3780 2656 672 2688 704
3781 2688 672 2720 704
3782 2720 672 2752 704
3783 2752 672 2784 704
3784 2784 672 2816 704
3785 2816 672 2848 704
3786 2848 672 2880 704
3787 2880 672 2912 704
3788 2912 672 2944 704
3789 2944 672 2976 704
3790 2976 672 3008 704
3791 3008 672 3040 704
3792 3040 672 3072 704
3793 3072 672 3104 704
3794 3104 672 3136 704
3795 3136 672 3168 704
3796 3168 672 3200 704
3797 3200 672 3232 704
3798 3232 672 3264 704
3799 3264 672 3296 704
3800 3296 672 3328 704
3801 3328 672 3360 704
3802 3360 672 3392 704
3803 3392 672 3424 704
3804 3424 672 3456 704
3805 3456 672 3488 704
3806 3488 672 3520 704
3807 3520 672 3552 704
3808 3552 672 3584 704
3809 3584 672 3616 704
3810 3616 672 3648 704
3811 3648 672 3680 704
3812 3680 672 3712 704
3813 3712 672 3744 704
3814 3744 672 3776 704
3815 3776 672 3808 704
3816 3808 672 3840 704
3817 3840 672 3872 704
3818 3872 672 3904 704
3819 3904 672 3936 704
3820 3936 672 3968 704
3821 3968 672 4000 704
3822 4000 672 4032 704
3823 4032 672 4064 704
3824 4064 672 4096 704
3825 4096 672 4128 704
3826 4128 672 4160 704
3827 4160 672 4192 704
3828 4192 672 4224 704
3829 4224 672 4256 704
3830 4256 672 4288 704
3831 4288 672 4320 704
3832 4320 672 4352 704
3833 4352 672 4384 704
3834 4384 672 4416 704
3835 4416 672 4448 704
3836 4448 672 4480 704
3837 4480 672 4512 704
3838 4512 672 4544 704
3839 4544 672 4576 704
3840 4576 672 4608 704
3841 4608 672 4640 704
3842 4640 672 4672 704
3843 4672 672 4704 704
3844 4704 672 4736 704
3845 4736 672 4768 704
3846 4768 672 4800 704
3847 4800 672 4832 704
3848 4832 672 4864 704
3849 4864 672 4896 704
3850 4896 672 4928 704
3851 4928 672 4960 704
3852 4960 672 4992 704
3853 4992 672 5024 704
3854 5024 672 5056 704
3855 5056 672 5088 704
3856 5088 672 5120 704
3857 5120 672 5152 704
3858 5152 672 5184 704
3859 5184 672 5216 704
3860 5216 672 5248 704
3861 5248 672 5280 704
3862 5280 672 5312 704
3863 5312 672 5344 704
3864 5344 672 5376 704
3865 5376 672 5408 704
3866 5408 672 5440 704
3867 5440 672 5472 704
3868 5472 672 5504 704
3869 5504 672 5536 704
3870 5536 672 5568 704
3871 5568 672 5600 704
3872 5600 672 5632 704
3873 0 704 32 736
3874 32 704 64 736
3875 64 704 96 736
3876 96 704 128 736
3877 128 704 160 736
3878 160 704 192 736
3879 192 704 224 736
3880 224 704 256 736
3881 256 704 288 736
3882 288 704 320 736
3883 320 704 352 736
3884 352 704 384 736
3885 384 704 416 736
3886 416 704 448 736
3887 448 704 480 736
3888 480 704 512 736
3889 512 704 544 736
3890 544 704 576 736
3891 576 704 608 736
3892 608 704 640 736
3893 640 704 672 736
3894 672 704 704 736
3895 704 704 736 736
3896 736 704 768 736
3897 768 704 800 736
3898 800 704 832 736
3899 832 704 864 736
3900 864 704 896 736
3901 896 704 928 736
3902 928 704 960 736
3903 960 704 992 736
3904 992 704 1024 736
3905 1024 704 1056 736
3906 1056 704 1088 736
3907 1088 704 1120 736
3908 1120 704 1152 736
3909 1152 704 1184 736
3910 1184 704 1216 736
3911 1216 704 1248 736
3912 1248 704 1280 736
3913 1280 704 1312 736
3914 1312 704 1344 736
3915 1344 704 1376 736
3916 1376 704 1408 736
3917 1408 704 1440 736
3918 1440 704 1472 736
3919 1472 704 1504 736
3920 1504 704 1536 736
3921 1536 704 1568 736
3922 1568 704 1600 736
3923 1600 704 1632 736
3924 1632 704 1664 736
3925 1664 704 1696 736
3926 1696 704 1728 736
3927 1728 704 1760 736
3928 1760 704 1792 736
3929 1792 704 1824 736
3930 1824 704 1856 736
3931 1856 704 1888 736
3932 1888 704 1920 736
3933 1920 704 1952 736
3934 1952 704 1984 736
3935 1984 704 2016 736
3936 2016 704 2048 736
3937 2048 704 2080 736
3938 2080 704 2112 736
3939 2112 704 2144 736
3940 2144 704 2176 736
3941 2176 704 2208 736
3942 2208 704 2240 736
3943 2240 704 2272 736
3944 2272 704 2304 736
3945 2304 704 2336 736
3946 2336 704 2368 736
3947 2368 704 2400 736
3948 2400 704 2432 736
3949 2432 704 2464 736
3950 2464 704 2496 736
3951 2496 704 2528 736
3952 2528 704 2560 736
3953 2560 704 2592 736
3954 2592 704 2624 736
3955 2624 704 2656 736
3956 2656 704 2688 736
3957 2688 704 2720 736
3958 2720 704 2752 736
3959 2752 704 2784 736
3960 2784 704 2816 736
3961 2816 704 2848 736
3962 2848 704 2880 736
3963 2880 704 2912 736
3964 2912 704 2944 736
3965 2944 704 2976 736
3966 2976 704 3008 736
3967 3008 704 3040 736
3968 3040 704 3072 736
3969 3072 704 3104 736
3970 3104 704 3136 736
3971 3136 704 3168 736
3972 3168 704 3200 736
3973 3200 704 3232 736
3974 3232 704 3264 736
3975 3264 704 3296 736
3976 3296 704 3328 736
3977 3328 704 3360 736
3978 3360 704 3392 736
3979 3392 704 3424 736
3980 3424 704 3456 736
3981 3456 704 3488 736
3982 3488 704 3520 736
3983 3520 704 3552 736
3984 3552 704 3584 736
3985 3584 704 3616 736
3986 3616 704 3648 736
3987 3648 704 3680 736
3988 3680 704 3712 736
3989 3712 704 3744 736
3990 3744 704 3776 736
3991 3776 704 3808 736
3992 3808 704 3840 736
3993 3840 704 3872 736
3994 3872 704 3904 736
3995 3904 704 3936 736
3996 3936 704 3968 736
3997 3968 704 4000 736
3998 4000 704 4032 736
3999 4032 704 4064 736
4000 4064 704 4096 736
4001 4096 704 4128 736
4002 4128 704 4160 736
4003 4160 704 4192 736
4004 4192 704 4224 736
4005 4224 704 4256 736
4006 4256 704 4288 736
4007 4288 704 4320 736
4008 4320 704 4352 736
4009 4352 704 4384 736
4010 4384 704 4416 736
4011 4416 704 4448 736
4012 4448 704 4480 736
4013 4480 704 4512 736
4014 4512 704 4544 736
4015 4544 704 4576 736
4016 4576 704 4608 736
4017 4608 704 4640 736
4018 4640 704 4672 736
4019 4672 704 4704 736
4020 4704 704 4736 736
4021 4736 704 4768 736
4022 4768 704 4800 736
4023 4800 704 4832 736
4024 4832 704 4864 736
4025 4864 704 4896 736
4026 4896 704 4928 736
4027 4928 704 4960 736
4028 4960 704 4992 736
4029 4992 704 5024 736
4030 5024 704 5056 736
4031 5056 704 5088 736
4032 5088 704 5120 736
4033 5120 704 5152 736
4034 5152 704 5184 736
4035 5184 704 5216 736
4036 5216 704 5248 736
4037 5248 704 5280 736
4038 5280 704 5312 736
4039 5312 704 5344 736
4040 5344 704 5376 736
4041 5376 704 5408 736
4042 5408 704 5440 736
4043 5440 704 5472 736
4044 5472 704 5504 736
4045 5504 704 5536 736
4046 5536 704 5568 736
4047 5568 704 5600 736
4048 5600 704 5632 736
4049 0 736 32 768
4050 32 736 64 768
4051 64 736 96 768
4052 96 736 128 768
4053 128 736 160 768
4054 160 736 192 768
4055 192 736 224 768
4056 224 736 256 768
4057 256 736 288 768
4058 288 736 320 768
4059 320 736 352 768
4060 352 736 384 768
4061 384 736 416 768
4062 416 736 448 768
4063 448 736 480 768
4064 480 736 512 768
4065 512 736 544 768
4066 544 736 576 768
4067 576 736 608 768
4068 608 736 640 768
4069 640 736 672 768
4070 672 736 704 768
4071 704 736 736 768
4072 736 736 768 768
4073 768 736 800 768
4074 800 736 832 768
4075 832 736 864 768
4076 864 736 896 768
4077 896 736 928 768
4078 928 736 960 768
4079 960 736 992 768
4080 992 736 1024 768
4081 1024 736 1056 768
4082 1056 736 1088 768
4083 1088 736 1120 768
4084 1120 736 1152 768
4085 1152 736 1184 768
4086 1184 736 1216 768
4087 1216 736 1248 768
4088 1248 736 1280 768
4089 1280 736 1312 768
4090 1312 736 1344 768
4091 1344 736 1376 768
4092 1376 736 1408 768
4093 1408 736 1440 768
4094 1440 736 1472 768
4095 1472 736 1504 768
4096 1504 736 1536 768
4097 1536 736 1568 768
4098 1568 736 1600 768
4099 1600 736 1632 768
4100 1632 736 1664 768
4101 1664 736 1696 768
4102 1696 736 1728 768
4103 1728 736 1760 768
4104 1760 736 1792 768
4105 1792 736 1824 768
4106 1824 736 1856 768
4107 1856 736 1888 768
4108 1888 736 1920 768
4109 1920 736 1952 768
4110 1952 736 1984 768
4111 1984 736 2016 768
4112 2016 736 2048 768
4113 2048 736 2080 768
4114 2080 736 2112 768
4115 2112 736 2144 768
4116 2144 736 2176 768
4117 2176 736 2208 768
4118 2208 736 2240 768
4119 2240 736 2272 768
4120 2272 736 2304 768
4121 2304 736 2336 768
4122 2336 736 2368 768
4123 2368 736 2400 768
4124 2400 736 2432 768
4125 2432 736 2464 768
4126 2464 736 2496 768
4127 2496 736 2528 768
4128 2528 736 2560 768
4129 2560 736 2592 768
4130 2592 736 2624 768
4131 2624 736 2656 768
4132 2656 736 2688 768
4133 2688 736 2720 768
4134 2720 736 2752 768
4135 2752 736 2784 768
4136 2784 736 2816 768
4137 2816 736 2848 768
4138 2848 736 2880 768
4139 2880 736 2912 768
4140 2912 736 2944 768
4141 2944 736 2976 768
4142 2976 736 3008 768
4143 3008 736 3040 768
4144 3040 736 3072 768
4145 3072 736 3104 768
4146 3104 736 3136 768
4147 3136 736 3168 768
4148 3168 736 3200 768
4149 3200 736 3232 768
4150 3232 736 3264 768
4151 3264 736 3296 768
4152 3296 736 3328 768
4153 3328 736 3360 768
4154 3360 736 3392 768
4155 3392 736 3424 768
4156 3424 736 3456 768
4157 3456 736 3488 768
4158 3488 736 3520 768
4159 3520 736 3552 768
4160 3552 736 3584 768
4161 3584 736 3616 768
4162 3616 736 3648 768
4163 3648 736 3680 768
4164 3680 736 3712 768
4165 3712 736 3744 768
4166 3744 736 3776 768
4167 3776 736 3808 768
4168 3808 736 3840 768
4169 3840 736 3872 768
4170 3872 736 3904 768
4171 3904 736 3936 768
4172 3936 736 3968 768
4173 3968 736 4000 768
4174 4000 736 4032 768
4175 4032 736 4064 768
4176 4064 736 4096 768
4177 4096 736 4128 768
4178 4128 736 4160 768
4179 4160 736 4192 768
4180 4192 736 4224 768
4181 4224 736 4256 768
4182 4256 736 4288 768
4183 4288 736 4320 768
4184 4320 736 4352 768
4185 4352 736 4384 768
4186 4384 736 4416 768
4187 4416 736 4448 768
4188 4448 736 4480 768
4189 4480 736 4512 768
4190 4512 736 4544 768
4191 4544 736 4576 768
4192 4576 736 4608 768
4193 4608 736 4640 768
4194 4640 736 4672 768
4195 4672 736 4704 768
4196 4704 736 4736 768
4197 4736 736 4768 768
4198 4768 736 4800 768
4199 4800 736 4832 768
4200 4832 736 4864 768
4201 4864 736 4896 768
4202 4896 736 4928 768
4203 4928 736 4960 768
4204 4960 736 4992 768
4205 4992 736 5024 768
4206 5024 736 5056 768
4207 5056 736 5088 768
4208 5088 736 5120 768
4209 5120 736 5152 768
4210 5152 736 5184 768
4211 5184 736 5216 768
4212 5216 736 5248 768
4213 5248 736 5280 768
4214 5280 736 5312 768
4215 5312 736 5344 768
4216 5344 736 5376 768
4217 5376 736 5408 768
4218 5408 736 5440 768
4219 5440 736 5472 768
4220 5472 736 5504 768
4221 5504 736 5536 768
4222 5536 736 5568 768
4223 5568 736 5600 768
4224 5600 736 5632 768
