1 0 0 32 32
2 32 0 64 32
3 64 0 96 32
4 96 0 128 32
5 128 0 160 32
6 160 0 192 32
7 192 0 224 32
8 224 0 256 32
9 256 0 288 32
10 288 0 320 32
11 320 0 352 32
12 352 0 384 32
13 384 0 416 32
14 416 0 448 32
15 448 0 480 32
16 480 0 512 32
17 512 0 544 32
18 544 0 576 32
19 576 0 608 32
20 608 0 640 32
21 640 0 672 32
22 672 0 704 32
23 704 0 736 32
24 736 0 768 32
25 768 0 800 32
26 800 0 832 32
27 832 0 864 32
28 864 0 896 32
29 896 0 928 32
30 928 0 960 32
31 960 0 992 32
32 992 0 1024 32
33 1024 0 1056 32
34 1056 0 1088 32
35 1088 0 1120 32
36 1120 0 1152 32
37 1152 0 1184 32
38 1184 0 1216 32
39 1216 0 1248 32
40 1248 0 1280 32
41 1280 0 1312 32
42 1312 0 1344 32
43 1344 0 1376 32
44 1376 0 1408 32
45 1408 0 1440 32
46 1440 0 1472 32
47 0 32 32 64
48 32 32 64 64
49 64 32 96 64
50 96 32 128 64
51 128 32 160 64
52 160 32 192 64
53 192 32 224 64
54 224 32 256 64
55 256 32 288 64
56 288 32 320 64
57 320 32 352 64
58 352 32 384 64
59 384 32 416 64
60 416 32 448 64
61 448 32 480 64
62 480 32 512 64
63 512 32 544 64
64 544 32 576 64
65 576 32 608 64
66 608 32 640 64
67 640 32 672 64
68 672 32 704 64
69 704 32 736 64
70 736 32 768 64
71 768 32 800 64
72 800 32 832 64
73 832 32 864 64
74 864 32 896 64
75 896 32 928 64
76 928 32 960 64
77 960 32 992 64
78 992 32 1024 64
79 1024 32 1056 64
80 1056 32 1088 64
81 1088 32 1120 64
82 1120 32 1152 64
83 1152 32 1184 64
84 1184 32 1216 64
85 1216 32 1248 64
86 1248 32 1280 64
87 1280 32 1312 64
88 1312 32 1344 64
89 1344 32 1376 64
90 1376 32 1408 64
91 1408 32 1440 64
92 1440 32 1472 64
93 0 64 32 96
94 32 64 64 96
95 64 64 96 96
96 96 64 128 96
97 128 64 160 96
98 160 64 192 96
99 192 64 224 96
100 224 64 256 96
101 256 64 288 96
102 288 64 320 96
103 320 64 352 96
104 352 64 384 96
105 384 64 416 96
106 416 64 448 96
107 448 64 480 96
108 480 64 512 96
109 512 64 544 96
110 544 64 576 96
111 576 64 608 96
112 608 64 640 96
113 640 64 672 96
114 672 64 704 96
115 704 64 736 96
116 736 64 768 96
117 768 64 800 96
118 800 64 832 96
119 832 64 864 96
120 864 64 896 96
121 896 64 928 96
122 928 64 960 96
123 960 64 992 96
124 992 64 1024 96
125 1024 64 1056 96
126 1056 64 1088 96
127 1088 64 1120 96
128 1120 64 1152 96
129 1152 64 1184 96
130 1184 64 1216 96
131 1216 64 1248 96
132 1248 64 1280 96
133 1280 64 1312 96
134 1312 64 1344 96
135 1344 64 1376 96
136 1376 64 1408 96
137 1408 64 1440 96
138 1440 64 1472 96
139 0 96 32 128
140 32 96 64 128
141 64 96 96 128
142 96 96 128 128
143 128 96 160 128
144 160 96 192 128
145 192 96 224 128
146 224 96 256 128
147 256 96 288 128
148 288 96 320 128
149 320 96 352 128
150 352 96 384 128
151 384 96 416 128
152 416 96 448 128
153 448 96 480 128
154 480 96 512 128
155 512 96 544 128
156 544 96 576 128
157 576 96 608 128
158 608 96 640 128
159 640 96 672 128
160 672 96 704 128
161 704 96 736 128
162 736 96 768 128
163 768 96 800 128
164 800 96 832 128
165 832 96 864 128
166 864 96 896 128
167 896 96 928 128
168 928 96 960 128
169 960 96 992 128
170 992 96 1024 128
171 1024 96 1056 128
172 1056 96 1088 128
173 1088 96 1120 128
174 1120 96 1152 128
175 1152 96 1184 128
176 1184 96 1216 128
177 1216 96 1248 128
178 1248 96 1280 128
179 1280 96 1312 128
180 1312 96 1344 128
181 1344 96 1376 128
182 1376 96 1408 128
183 1408 96 1440 128
184 1440 96 1472 128
185 0 128 32 160
186 32 128 64 160
187 64 128 96 160
188 96 128 128 160
189 128 128 160 160
190 160 128 192 160
191 192 128 224 160
192 224 128 256 160
193 256 128 288 160
194 288 128 320 160
195 320 128 352 160
196 352 128 384 160
197 384 128 416 160
198 416 128 448 160
199 448 128 480 160
200 480 128 512 160
201 512 128 544 160
202 544 128 576 160
203 576 128 608 160
204 608 128 640 160
205 640 128 672 160
206 672 128 704 160
207 704 128 736 160
208 736 128 768 160
209 768 128 800 160
210 800 128 832 160
211 832 128 864 160
212 864 128 896 160
213 896 128 928 160
214 928 128 960 160
215 960 128 992 160
216 992 128 1024 160
217 1024 128 1056 160
218 1056 128 1088 160
219 1088 128 1120 160
220 1120 128 1152 160
221 1152 128 1184 160
222 1184 128 1216 160
223 1216 128 1248 160
224 1248 128 1280 160
225 1280 128 1312 160
226 1312 128 1344 160
227 1344 128 1376 160
228 1376 128 1408 160
229 1408 128 1440 160
230 1440 128 1472 160
231 0 160 32 192
232 32 160 64 192
233 64 160 96 192
234 96 160 128 192
235 128 160 160 192
236 160 160 192 192
237 192 160 224 192
238 224 160 256 192
239 256 160 288 192
240 288 160 320 192
241 320 160 352 192
242 352 160 384 192
243 384 160 416 192
244 416 160 448 192
245 448 160 480 192
246 480 160 512 192
247 512 160 544 192
248 544 160 576 192
249 576 160 608 192
250 608 160 640 192
251 640 160 672 192
252 672 160 704 192
253 704 160 736 192
254 736 160 768 192
255 768 160 800 192
256 800 160 832 192
257 832 160 864 192
258 864 160 896 192
259 896 160 928 192
260 928 160 960 192
261 960 160 992 192
262 992 160 1024 192
263 1024 160 1056 192
264 1056 160 1088 192
265 1088 160 1120 192
266 1120 160 1152 192
267 1152 160 1184 192
268 1184 160 1216 192
269 1216 160 1248 192
270 1248 160 1280 192
271 1280 160 1312 192
272 1312 160 1344 192
273 1344 160 1376 192
274 1376 160 1408 192
275 1408 160 1440 192
276 1440 160 1472 192
