0 0 352
0 32 352
0 64 352
0 96 352
0 128 352
0 160 352
0 192 352
0 224 352
0 256 352
0 288 352
0 320 352
0 352 352
0 384 352
0 416 352
0 448 352
0 480 352
0 512 352
0 544 352
0 576 352
0 608 352
0 640 352
0 672 352
0 704 352
0 736 352
0 768 352
0 800 352
0 832 352
0 864 352
0 896 352
0 928 352
0 960 352
0 992 352
0 1024 352
0 1056 352
0 1088 352
0 1120 352
0 1152 352
0 1184 352
0 1216 352
0 1248 352
0 1280 352
0 1312 352
0 1344 352
0 1376 352
0 1408 352
0 1440 352
0 1472 352
0 1504 352
0 1536 352
0 1568 352
0 1600 352
0 1632 352
0 1664 352
0 1696 352
0 1728 352
0 1760 352
0 1792 352
0 1824 352
0 1856 352
0 1888 352
0 1920 352
0 1952 352
0 1984 352
0 2016 352
0 2048 352
0 2080 352
0 2112 352
0 2144 352
0 2176 352
0 2208 352
0 2240 352
0 2272 352
0 2304 352
0 2336 352
0 2368 352
0 2400 352
0 2432 352
0 2464 352
0 2496 352
0 2528 352
0 2560 352
0 2592 352
0 2624 352
0 2656 352
0 2688 352
0 2720 352
0 2752 352
0 2784 352
0 2816 352
0 2848 352
0 2880 352
0 2912 352
0 2944 352
0 2976 352
0 3008 352
0 3040 352
0 3072 352
0 3104 352
0 3136 352

0 3232 352
0 3264 352
0 3296 352
0 3328 352
0 3360 352
0 3392 352
0 3424 352
0 3456 352
0 3488 352
0 3520 352
0 3552 352

0 3712 352
0 3744 352
0 3776 352

0 3872 352
0 3904 352
0 3936 352
0 3968 352
0 4000 352
0 4032 352
0 4064 352
0 4096 352
0 4128 352
0 4160 352
0 4192 352
0 4224 352
0 4256 352
0 4288 352
0 4320 352
0 4352 352
0 4384 352
0 4416 352
0 4448 352
0 4480 352
0 4512 352
0 4544 352
0 4576 352
0 4608 352
0 4640 352
0 4672 352
0 4704 352
0 4736 352
0 4768 352
0 4800 352
0 4832 352
0 4864 352
0 4896 352
0 4928 352
0 4960 352
0 4992 352
0 5024 352
0 5056 352
0 5088 352
0 5120 352
0 5152 352
0 5184 352
0 5216 352
0 5248 352
0 5280 352
0 5312 352
0 5344 352
0 5376 352
0 5408 352
0 5440 352
0 5472 352
0 5504 352
0 5536 352
0 5568 352

0 1376 224
0 1408 224
0 1440 224
0 1856 224
0 1888 224
0 1920 224
0 1952 224
0 1984 224
0 2016 224
0 3328 224
0 3360 224
0 3392 224
0 5536 224
0 5568 224
0 3776 224
0 3808 224
0 3840 224
0 4352 224
0 4384 224
0 4416 224
0 4448 224
0 4480 224
0 4512 224
0 4544 224
0 4576 224
0 4608 224
0 4640 224
0 4672 224

0 1504 158
0 1536 158
0 1568 158
0 1600 158
0 1632 158
0 1664 158
0 1696 158
0 1728 158
0 1760 158
0 1792 158
0 3936 158
0 3968 158
0 4000 158
0 4032 158
0 4064 158
0 4096 158
0 4128 158
0 4160 158
0 4192 158
0 4224 158
0 4256 158
0 4288 158

0 2784 160
0 2816 160
0 2848 160
0 2880 160
0 2912 160
0 2944 160
0 2976 160
0 3008 160
0 3040 160
0 3072 160
0 3104 160
0 3136 160
0 3168 160
0 3200 160
0 3232 160
0 3264 160
0 3296 160
0 3328 160

0 5440 288
0 5472 288

0 3232 512
0 3264 512
0 3296 512

0 3072 575
0 3104 575
0 3136 575
0 3168 575
0 3200 575
0 3232 575
0 3264 575
0 3296 575
0 3328 575
0 3360 575
0 3392 575
0 3424 575
0 3456 575
0 3488 575
0 3584 575
0 3616 575
0 3712 575
0 3744 575
0 3776 575
0 3808 575
0 3840 575
0 3872 575
0 3904 575
0 3936 575
0 3968 575
0 4000 575

0 4032 640
0 4064 640

0 3968 704
0 4000 704

0 3712 192
0 3744 192

1 3584 352
1 3616 352
1 3648 352
1 3680 352

1 3616 320
2 3648 320
1 3680 320

1 3616 288
1 3648 288
1 3680 288

2 3584 256
1 3616 256
2 3648 256
1 3680 256

2 3584 192
1 3616 192
2 3648 192
1 3680 192

1 3584 224
1 3616 224
1 3648 224
1 3680 224

3 3200 352
3 3840 352

1 3048 54
1 3048 22
1 3048 192
1 3048 224
1 3048 256
1 3048 288
1 3048 320
1 4072 54
1 4072 22
1 4072 192
1 4072 224
1 4072 256
1 4072 288
1 4072 320

10 50 305 
10 185 243
10 313 305
10 440 243 
10 570 305
10 700 243
10 829 305
10 955 243 
10 1082 305
10 1325 112
10 1465 305
10 1600 60 
10 1720 114 
10 1850 305
10 1985 114
10 2100 305
10 2235 305
10 2365 305
10 2495 305
10 2735 243
10 2875 114
10 3135 305
10 3260 114 
10 3430 85
10 3680 80
10 3770 305
10 3130 470
10 3375 470
10 3520 470
10 3775 470
10 3900 80
10 4480 155
10 4930 305

20 3056 86
20 4076 86

30 1216 350 6800
30 1408 223 6800
30 2560 350 6800
30 5440 287 6800

30 1792 157 6802
30 3391 223 6802
30 3135 351 6802

30 4287 157 6802
30 4672 221 6802
30 3839 223 6802
30 3775 351 6802

30 2785 159 6803
30 1505 156 6803
30 1377 223 6803
30 5538 223 6803

30 3936 574 6801
30 3520 351 6801
30 3232 511 6801
30 1856 223 6801
30 3968 351 6801
30 4352 221 6801
30 4800 351 6801

30 1916 175 6804
30 3575 320 6804
30 2567 289 6804
30 1410 162 6804
30 1224 290 6804
30 3816 288 6804
30 4028 290 6804
30 4407 170 6804
30 4859 293 6804
30 5449 269 6804
30 3985 509 6804
30 3292 451 6804

31 300 284 -1
31 332 284 -1
31 364 284 -1
31 2396 284 -1
31 2428 284 -1
31 2460 284 -1
31 2870 284 -1
31 2902 284 -1 
31 2934 284 -1
31 2966 284 -1
31 4470 284 1
31 4438 284 1
31 4406 284 1
31 4560 153 -1
31 4592 153 -1
31 4624 153 -1
31 4960 284 -1
31 4992 284 -1
31 5024 284 -1

32 1384 194 -1
32 1503 128 -1

33 3860 140 -1

34 3340 642 -1
34 3404 642 -1
34 3617 642 -1
34 3888 642 -1
34 3450 642 1
34 3712 642 1



