157
-1 2016 48 32 16
-1 3264 48 32 32
-1 2016 64 64 16
-1 1984 128 832 16
-1 2848 128 32 16
-1 2912 128 32 16
-1 2976 128 352 16
-1 1952 144 32 16
-1 2016 144 32 80
-1 3264 144 96 16
-1 1280 160 20 16
-1 1328 160 336 16
-1 1696 160 96 16
-1 1824 160 128 16
-1 3264 160 32 64
-1 3360 160 16 16
-1 3376 176 16 16
-1 1408 192 32 16
-1 3200 192 32 16
-1 3328 208 256 16
-1 0 224 32 144
-1 736 224 32 64
-1 1504 224 32 112
-1 800 240 32 16
-1 1420 272 52 16
-1 140 304 20 32
-1 224 304 32 16
-1 544 304 20 16
-1 480 320 32 16
-1 704 320 32 16
-1 428 336 20 16
-1 736 336 800 16
-1 672 352 32 16
-1 736 352 32 48
-1 1504 352 32 48
-1 0 368 58 32
-1 88 368 8 16
-1 160 368 160 16
-1 352 368 32 16
-1 448 368 32 16
-1 608 368 64 16
-1 480 384 64 16
-1 0 400 32 112
-1 96 480 96 16
-1 736 480 32 16
-1 0 512 64 16
-1 304 512 16 16
-1 416 512 32 16
-1 0 528 32 48
-1 64 544 64 16
-1 672 544 96 16
-1 128 560 640 16
-502 144 464 16 16
-102 64 352 16 16
-102 384 352 16 16
-502 624 352 16 16
-102 1344 320 16 16
-502 1392 256 16 16
-602 64 368 16 16
-202 112 304 16 16
-202 400 336 16 16
-602 576 304 16 16
-202 1392 272 16 16
-602 1312 160 16 16
-402 80 400 15 16
-402 1360 224 16 16
-2 128 448 16 16
-2 112 432 16 16
-2 96 416 16 16
-2 80 384 16 16
-2 80 336 16 16
-2 96 320 16 16
-2 448 288 16 16
-2 464 272 16 16
-2 592 320 16 16
-2 608 336 16 16
-2 1376 240 16 16
-2 1376 288 16 16
-2 1360 304 16 16
-2 1360 208 16 16
-2 1344 192 16 16
-2 1328 176 16 16
16 752 288 8 48
16 2032 80 8 48
6 640 528 16 16
6 96 240 16 16
10 416 496 16 16
10 288 496 16 16
10 160 464 16 16
12 32 480 16 32
12 352 336 16 32
12 640 336 16 32
12 1424 240 16 32
12 2912 96 16 32
12 2848 96 16 32
8 1632 128 16 32
8 1888 128 16 32
8 2448 96 16 32
8 2704 96 16 32
8 3216 96 16 32
11 272 240 16 16
11 416 288 16 16
11 480 256 16 16
11 512 368 16 16
11 1536 80 16 16
11 1760 144 16 16
11 1824 144 16 16
11 2304 64 16 16
11 2400 64 16 16
11 2528 48 16 16
11 2592 48 16 16
11 2784 64 16 16
5 1040 288 16 16
5 1232 320 16 16
5 1456 304 16 16
5 3136 80 16 16
32 3344 168 16 40
32 3536 168 16 40
119 656 512 16 16
519 592 528 16 16
519 464 528 16 16
519 400 528 16 16
519 336 528 16 16
519 272 528 16 16
519 208 528 16 16
619 144 448 16 16
619 144 272 16 16
519 208 336 16 16
519 272 336 16 16
519 336 336 16 16
519 400 304 16 16
519 464 352 16 16
519 528 352 16 16
1319 592 336 16 16
519 656 336 16 16
819 720 288 16 16
619 784 272 16 16
119 864 304 16 16
519 1376 304 16 16
519 1440 304 16 16
519 1376 128 16 16
619 1552 96 16 16
519 1936 96 16 16
519 2000 96 16 16
119 2064 96 16 16
519 3280 96 16 16
519 3408 144 16 16
519 3472 144 16 16
519 3536 144 16 16
419 528 528 16 16
219 1312 240 16 16
1019 1440 96 16 16
319 3344 96 16 16
819 720 512 16 16
129 288 512 16 16
129 3376 176 16 16
1719 3448 144 16 16